0	1.36419486999512	2.32148400942485	2.29898428916931	2.99999993294477
1	2.02464985847473	2.31120740042792	2.28786182403564	3.59999984502792
2	2.6302649974823	2.30076686541239	2.27815771102905	6.40000030398369
3	3.24805593490601	2.28741961055332	2.26892232894897	10.0000001490116
4	3.91992807388306	2.28022350205315	2.25977301597595	18.0000007152557
5	4.58623099327087	2.26866963174608	2.25016212463379	24.7999995946884
6	5.25460290908813	2.26348876953125	2.24090337753296	33.0000013113022
7	5.91992902755737	2.25540092256334	2.23002147674561	40.200001001358
8	6.58399105072021	2.24580539597405	2.21836972236633	45.1999992132187
9	7.24822092056274	2.24108854929606	2.20682549476624	48.6000001430511
10	7.91616702079773	2.22774942715963	2.19318222999573	50.9999990463257
11	8.58315587043762	2.2158612675137	2.17792415618896	55.0000011920929
12	9.25011897087097	2.20518824789259	2.16124391555786	57.9999983310699
13	9.91325497627258	2.1863562795851	2.14139485359192	59.6000015735626
14	10.576397895813	2.17003054089016	2.1189181804657	62.0000004768372
15	11.2452960014343	2.15878399213155	2.09501218795776	64.8000001907349
16	11.9161469936371	2.13330915239122	2.06686186790466	66.0000026226044
17	12.5822370052338	2.1129817697737	2.03556823730469	68.5999989509583
18	13.2494130134583	2.08519469367133	1.99966645240784	69.4000005722046
19	13.9149670600891	2.05911162164476	1.95970690250397	69.5999979972839
20	14.5779938697815	2.02998140123155	1.91601955890656	69.9999988079071
21	15.243579864502	1.98658108711243	1.86309814453125	70.3999996185303
22	15.9102818965912	1.96671303113302	1.81246757507324	70.8000004291534
23	16.5736339092255	1.92785567707486	1.75776588916779	71.399998664856
24	17.2406198978424	1.8857272333569	1.69774186611176	71.6000020503998
25	17.9041659832001	1.84848545657264	1.63521039485931	71.6000020503998
26	18.5696680545807	1.77974144617716	1.56526148319244	72.0000028610229
27	19.2393229007721	1.73485799630483	1.49852633476257	71.6000020503998
28	19.9047789573669	1.70184746053484	1.43639802932739	72.2000002861023
29	20.5674328804016	1.64973507987128	1.36713016033173	73.7999975681305
30	21.2352478504181	1.58399886555142	1.30154180526733	74.8000025749207
31	21.9021508693695	1.54112798637814	1.23684191703796	75.8000016212463
32	22.5707619190216	1.498973025216	1.18037819862366	76.800000667572
33	23.2328729629517	1.43678294287788	1.12264311313629	77.6000022888184
34	23.8986599445343	1.39302072260115	1.07038903236389	78.2000005245209
35	24.563353061676	1.34754918681251	1.02162718772888	79.0000021457672
36	25.2288548946381	1.32749670081668	0.976971745491028	79.6000003814697
37	25.8951358795166	1.26966346634759	0.932856678962708	80.5999994277954
38	26.5597810745239	1.24617976612515	0.90270984172821	80.1999986171722
39	27.2282249927521	1.20003011491564	0.864414811134338	81.5999984741211
40	27.8955368995667	1.17906726731194	0.835933327674866	81.9999992847443
41	28.5621809959412	1.13729025257958	0.808056056499481	81.8000018596649
42	29.2286350727081	1.10411870479584	0.781482398509979	81.9999992847443
43	29.8892829418182	1.08707002136442	0.758252441883087	82.4000000953674
44	30.5544488430023	1.04045112927755	0.733809053897858	82.9999983310699
45	31.2190070152283	1.02389543586307	0.71020096540451	83.7999999523163
46	31.8816909790039	1.0023391313023	0.695203721523285	82.9999983310699
47	32.5473709106445	1.00164355834325	0.675376951694489	84.2000007629395
48	33.2162389755249	0.958967493640052	0.659399271011353	84.2000007629395
49	33.883101940155	0.94257335530387	0.644820690155029	83.9999973773956
