85	71	0.205019522341	0.0976047250112	98.8105262581	79.861312151	533906.0
76	25	0.392403383816	0.030004801213	99.0105261928	80.887212038	460574.0
28	31	0.133902097444	0.0153791599257	98.7157896945	67.1354219913	137870.0
78	108	0.373849534634	0.0383115638204	98.4210522551	69.4654779434	476520.0
83	59	0.503347667824	0.0368284105251	98.8315786186	79.1344850063	517260.0
44	46	0.186833478293	0.0129097568855	98.1789475993	64.0888590813	232638.0
44	57	0.307668446078	0.201147388857	99.1894740807	65.0740740299	232638.0
56	68	0.0700993483748	0.0381652553648	98.5263153126	71.6028280258	312114.0
93	124	0.141511259595	0.0130676083715	96.0421057124	69.6509850025	602490.0
20	24	0.223694269507	0.0107451575694	98.6315793113	63.8759660721	95286.0
92	242	0.0953739289796	0.282559891794	98.610526637	66.2409319878	593742.0
98	50	0.846266626085	0.0853139781389	98.494737713	78.0905740261	646980.0
77	19	0.0568505471542	0.0670871346941	99.042105361	68.6638998985	468522.0
32	138	0.702781833655	0.295860770806	98.9789470246	65.4184958935	160362.0
24	23	0.165479254244	0.0899163623273	98.8947372687	62.4426062107	116178.0
67	55	0.326912910825	0.0135928406982	98.0000003388	66.553178072	391292.0
95	22	0.2572153636	0.225011678107	98.1999996461	82.5465779305	620136.0
13	63	0.56403807708	0.146186231414	98.9263151821	61.5383310318	60650.0
45	19	0.223989836879	0.080903021129	98.989474146	69.2756359577	238986.0
73	29	0.89611685968	0.0916809375333	10.6315789254	79.5867490768	437030.0
43	18	0.662369333087	0.0323251012717	99.0000003263	68.6539349556	226340.0
78	251	0.576498335044	0.0394170741536	98.1473693722	68.2628908157	476520.0
37	214	0.948417724014	0.0210148906725	99.0210530005	62.7113158703	189602.0
84	34	0.483131522223	0.0225361458151	98.7894742112	63.8678097725	525558.0
58	37	0.147289975333	0.0431822548602	98.8526309791	64.7559289932	326060.0
27	30	0.63248184656	0.0194981253351	98.9052631353	65.9264671803	132372.0
62	80	0.749703010652	0.0202408406952	98.747368549	76.1250228882	354552.0
98	213	0.443511737712	0.0264712455245	96.9473688226	73.3724758625	646980.0
50	168	0.795006440357	0.0113656063427	97.9263158221	62.992221117	271476.0
25	51	0.834734675392	0.129032698902	94.7368414778	65.8106100559	121526.0
48	19	0.420254433543	0.0108533637778	98.4842105916	62.6078710556	258330.0
94	76	0.560061950012	0.0214564916746	98.2736841628	73.8870370388	611288.0
73	27	0.662340668334	0.103064232537	98.9052625079	78.0803999901	437030.0
17	226	0.95205954881	0.174106441567	92.6526314334	64.3165800571	80142.0
33	115	0.101727831783	0.111915859346	99.0842100821	68.8403301239	166110.0
16	85	0.744081979413	0.190089986575	98.5894736491	61.7380311489	75194.0
14	171	0.38731909957	0.132388628001	98.9894735186	64.8780648708	65448.0
98	144	0.223281155679	0.0746714405282	98.3157895113	74.6938769817	646980.0
60	146	0.923375786908	0.302349696406	10.6315789254	71.7855889797	340206.0
11	180	0.607873275057	0.207768054877	98.8947366413	64.4407849312	51204.0
26	248	0.801398355697	0.0231291267768	98.547368928	62.3935210705	126924.0
82	40	0.0437880499611	0.0220594276081	98.1789475993	63.2663948536	509012.0
91	229	0.513378717745	0.0295841617052	97.1368422634	64.9901659489	585044.0
83	17	0.66226797982	0.021064721584	99.0736835881	73.6338419914	517260.0
18	37	0.371293890901	0.0672050143549	98.9578946641	62.9345810413	85140.0
26	154	0.410562799681	0.183918920425	99.0526315413	64.860407114	126924.0
35	28	0.223832445934	0.0170699202006	98.6210534447	65.9578430653	177756.0
46	76	0.222638267615	0.113628323731	98.9473687975	67.3524940014	245384.0
28	49	0.135593331882	0.182074495045	99.1368419246	66.3932609558	137870.0
48	132	0.468622407044	0.14814812205	99.0947365761	72.8488030434	258330.0
43	114	0.477221768316	0.0133971669056	97.8526319328	69.6073298454	226340.0
92	236	0.236879285816	0.0871550439814	97.9368426298	66.0719711781	593742.0
60	53	0.444028087462	0.0601761824871	98.8736845945	63.8137550354	340206.0
87	37	0.582457771947	0.0100295526257	98.3052639585	68.9732580185	550752.0
98	160	0.4063683607	0.0421395093716	98.0000006525	73.1582779884	646980.0
18	19	0.827819823577	0.0256404926474	98.8947372687	65.3913500309	85140.0
15	207	0.152264230828	0.118642227898	98.8421054263	62.7624387741	70296.0
38	76	0.541278698366	0.182701332759	99.0947372035	67.2276260853	195600.0
88	169	0.583106217906	0.0166165555601	97.5052635921	81.5954251289	559250.0
16	63	0.333646225622	0.193406813262	99.0210530005	60.2979910374	75194.0
90	50	0.588844640436	0.0691274125206	98.821052752	70.0207169056	576396.0
19	135	0.436867182402	0.131008059337	99.1473681048	64.7574570179	90188.0
82	37	0.0479219870921	0.0400724154258	98.6210534447	62.1599969864	509012.0
44	21	0.829810935298	0.0541007234743	96.3368425244	65.8854210377	232638.0
19	64	0.215932205711	0.138892420767	99.0736839018	62.6521539688	90188.0
84	20	0.271325812299	0.0383999438936	98.8947372687	71.6259980202	525558.0
64	236	0.738660045805	0.0274931511683	98.3368421856	73.2770738602	369098.0
32	111	0.34728801283	0.147920101376	99.0631577216	61.1194889545	160362.0
43	19	0.651819446015	0.0473149968796	98.905263449	67.6560461521	226340.0
29	25	0.226148626118	0.0823003317592	99.0315791808	64.5891559124	143418.0
79	42	0.0780749687485	0.0452262926792	98.7473688628	79.0252859592	484568.0
72	134	0.314537442691	0.152863663707	99.0421056747	66.2244520187	429282.0
91	47	0.443622951498	0.0536385988428	98.978947652	71.4334249496	585044.0
68	40	0.179344363839	0.188643085278	98.9789473383	69.771559	398790.0
17	161	0.0112237625797	0.0367790510821	98.0631583615	65.7884750366	80142.0
10	61	0.746878718536	0.0293173175823	98.8526316066	61.5966131687	46556.0
17	27	0.988914063382	0.0113041951823	10.8947368829	65.6444530487	80142.0
28	235	0.81413215292	0.160609500789	99.0736842155	64.9784309864	137870.0
24	99	0.247028052501	0.0177589066348	98.2315791281	66.7249670029	116178.0
37	170	0.669966597897	0.0273104165869	98.4000002083	63.151832819	189602.0
28	139	0.849839808302	0.209245086219	98.336842813	67.4468371868	137870.0
59	40	0.524779553936	0.0234614775076	98.7157890671	64.4530920982	333108.0
12	42	0.794602472914	0.0994427820262	97.4210525814	61.7067508698	55902.0
39	55	0.593521260957	0.186361143607	98.9789470246	61.7131431103	201648.0
32	94	0.416083783148	0.174685681173	99.1894734533	67.6965930462	160362.0
57	102	0.605196193014	0.0135731239959	97.9894741585	71.9887320995	319062.0
79	37	0.955957751491	0.0359436331432	87.4842104159	78.219026804	484568.0
99	16	0.325846339827	0.152645726714	97.7368423813	64.7644641399	656028.0
46	105	0.136696456272	0.128808459419	99.0526312276	63.5997998714	245384.0
99	219	0.31503863874	0.0886857494075	98.1684211053	74.3495619297	656028.0
70	26	0.82898822137	0.016879608493	99.0842110232	77.7723770142	413936.0
57	202	0.95130526737	0.0208571637228	98.7789470898	68.9679710865	319062.0
37	149	0.820321895372	0.179194749707	98.9157890019	63.6786150932	189602.0
71	134	0.804484189196	0.136551837817	99.0210526868	65.3760349751	421584.0
52	45	0.0736567853838	0.148824526277	99.0210523731	72.5945470333	284822.0
32	35	0.212527139389	0.13823183443	99.0526309139	63.8920638561	160362.0
62	27	0.259519271893	0.0110001532325	98.4105263886	71.883797884	354552.0
75	176	0.456365474277	0.0144876476742	96.8315786437	67.4321000576	452676.0
49	98	0.764390050891	0.0948079320013	99.0736839018	64.4508309364	264878.0
56	63	0.553746964752	0.0119809570156	98.3894737143	72.1147220135	312114.0
21	230	0.855543949499	0.0412777815146	99.0421059885	61.7791359425	100434.0
76	32	0.051785209906	0.0158950173671	98.1263151294	79.3499529362	460574.0
64	19	0.181850390281	0.0374753587628	98.8000000778	76.4240500927	369098.0
34	50	0.0662281623107	0.0104725340052	97.8105265843	68.622685194	171908.0
19	24	0.849912876238	0.0203021520318	98.989474146	64.4861850739	90188.0
74	78	0.078085069465	0.0701068792083	98.7263152474	70.5599751472	444828.0
28	92	0.0110822483748	0.061579259082	98.673684346	61.4464240074	137870.0
82	42	0.310779072796	0.0785001402589	98.9263154958	62.0816941261	509012.0
85	18	0.271385530175	0.017245290057	98.68421084	71.1964960098	533906.0
33	94	0.815332992972	0.0738089302917	99.1368422383	62.207062006	166110.0
49	55	0.0408929784498	0.211000498304	99.0315782396	67.723623991	264878.0
79	163	0.977700954829	0.0366754586988	98.4631576036	69.8652360439	484568.0
31	22	0.101281052041	0.223727801652	98.4315796902	64.6943290234	154664.0
53	43	0.79846281864	0.294992343573	10.8947368829	74.8211300373	291570.0
71	71	0.677946340186	0.0307288745627	98.8842104611	67.4597108364	421584.0
93	81	0.151225096337	0.0609261906417	98.5368421203	70.9632248878	602490.0
70	77	0.66925583951	0.0214667784413	98.6526319855	66.435738802	413936.0
77	63	0.0928869665986	0.0333575923403	98.400000522	73.0243451595	468522.0
87	38	0.860225090274	0.0420540544377	98.8421051126	68.4143738747	550752.0
90	23	0.48286954799	0.135736947217	98.4105260749	76.0101249218	576396.0
75	74	0.583819776566	0.148241615443	99.0947368898	69.5792531967	452676.0
47	182	0.0477184094609	0.213341898398	98.8315786186	63.0140841007	251832.0
16	18	0.618301181737	0.0151303575431	99.0947365761	65.5823631287	75194.0
12	38	0.735518412314	0.0363848559291	98.7473688628	63.1992509365	55902.0
52	20	0.58228262053	0.0362648805147	99.0526312276	67.2958278656	284822.0
71	96	0.0991846661323	0.158135280646	98.9157886882	66.5676529408	421584.0
93	64	0.174126620773	0.241472084587	98.894736955	71.8511331081	602490.0
82	183	0.126768701277	0.313202539265	99.042105361	72.9926190376	509012.0
25	109	0.675284121435	0.0314793514321	98.9473684838	65.9028861523	121526.0
76	19	0.0753626895739	0.0418050658721	98.9157896293	66.9466340542	460574.0
61	40	0.483932622305	0.0308544899129	98.8526316066	65.8771719933	347354.0
66	77	0.428223982127	0.120288392985	98.968421158	64.9520940781	383844.0
64	28	0.193471892029	0.0190301426662	98.68421084	71.7926850319	369098.0
72	16	0.0780793346664	0.0198901820334	98.463158231	65.6828811169	429282.0
31	43	0.522441370771	0.18281907574	98.8736836534	64.6026570797	154664.0
41	232	0.57176266434	0.0119295032303	97.1368425771	66.2339668274	213894.0
80	27	0.214565678327	0.0184886876277	98.5263159401	62.1697690487	492666.0
33	120	0.710711636343	0.029549687487	98.7684209096	60.7769458294	166110.0
68	58	0.369433503418	0.093345931528	98.9684205306	65.9174339771	398790.0
20	20	0.404419442776	0.127366277121	98.1473681174	60.3909749985	95286.0
35	226	0.943744721806	0.0601031102587	99.0421056747	69.0650999546	177756.0
16	29	0.572060560401	0.0934326769305	98.7684209096	62.0509209633	75194.0
95	70	0.740762260013	0.035315695209	98.7368423688	73.9220769405	620136.0
70	22	0.981729656119	0.130038924774	10.8947368829	63.6428699493	413936.0
18	93	0.380844966271	0.0993959373958	98.9263158096	60.6401128769	85140.0
75	27	0.202841584855	0.0110144820678	98.2842106568	79.9753789902	452676.0
47	35	0.811557194245	0.0250495577634	99.0736839018	63.9022350311	251832.0
67	84	0.114427356701	0.0205647363831	97.8105265843	63.3087508678	391292.0
22	82	0.113931549468	0.0349230319615	98.6000001431	65.3642029762	105632.0
23	201	0.356388680677	0.15845843893	99.0947368898	63.5699720383	110880.0
26	65	0.772200296571	0.0503441479626	99.1894740807	64.0046930313	126924.0
79	19	0.205888729783	0.0103707291027	98.1368425645	68.5509037971	484568.0
33	23	0.0487477245004	0.0120725169961	98.3999998946	70.0426638126	166110.0
78	185	0.463972645817	0.0363240825073	97.884211101	69.3459589481	476520.0
11	199	0.803778161167	0.05180924976	98.7894742112	63.8175418377	51204.0
79	75	0.677752393811	0.314732373603	97.7473685616	73.2236199379	484568.0
15	117	0.594997869088	0.277375920102	98.9894735186	62.9370741844	70296.0
51	64	0.426862512752	0.0350010170474	98.7789477173	67.4994039536	278124.0
28	73	0.962931014458	0.202617785754	10.8947368829	63.4103648663	137870.0
58	69	0.731528668437	0.241467497134	97.4421065105	74.1566729546	326060.0
87	48	0.310602484236	0.173742310274	98.9157893156	66.8184261322	550752.0
47	69	0.864388647901	0.171176498863	91.4736848128	66.9853041172	251832.0
56	123	0.801396923213	0.104016031363	99.2315791155	69.41375494	312114.0
91	23	0.132325501666	0.0346626960283	98.9263158096	75.8412230015	585044.0
23	195	0.831769036577	0.126005731359	99.126316058	65.6437718868	110880.0
31	41	0.700569225048	0.050133163147	99.2210529352	65.4598219395	154664.0
54	26	0.191238610754	0.084939144723	99.0947362624	66.6634919643	298368.0
99	126	0.89892837225	0.0289644891869	99.0105261928	74.8584749699	656028.0
59	33	0.397859810799	0.0126197913973	98.3157904525	67.2776958942	333108.0
38	43	0.747978371215	0.0420761791786	99.115789564	61.7280619144	195600.0
98	22	0.063870051391	0.0313413043795	98.8210530658	85.7177820206	646980.0
32	134	0.560700609966	0.0191289971432	98.2421053083	66.2688691616	160362.0
59	95	0.834540579162	0.0442036672928	99.1263163717	74.1820681095	333108.0
33	31	0.985837553896	0.138627958561	10.6315789254	62.714938879	166110.0
71	118	0.355931262593	0.151882959606	98.7684205959	65.0247759819	421584.0
73	16	0.531594624731	0.154830170656	83.9684210326	65.236689806	437030.0
84	39	0.763616301814	0.0206576340894	98.621053131	63.7548840046	525558.0
40	45	0.867446908405	0.0103990351429	98.9473684838	62.4847719669	207746.0
12	54	0.338707680242	0.0221026586438	98.6631581658	62.7569160461	55902.0
56	47	0.3685729685	0.0178932919261	98.6526319855	76.2701640129	312114.0
87	34	0.384081780721	0.0103257567411	97.9368423161	68.6449508667	550752.0
67	24	0.0406877930026	0.0241001177369	98.6526316718	77.8785851002	391292.0
15	27	0.0274499639754	0.294509494182	97.9894741585	64.4409220219	70296.0
84	159	0.9342983805	0.0119196397859	98.5578941671	73.1130509377	525558.0
82	36	0.567763151586	0.103769927332	99.1052630701	62.3803479671	509012.0
31	22	0.702784682197	0.0337833536681	99.1052630701	66.7104871273	154664.0
70	164	0.0327463633487	0.0372786262153	97.2842103557	63.3968260288	413936.0
22	110	0.749120514387	0.0490834433901	99.0421056747	61.4839799404	105632.0
16	155	0.327629924707	0.0146212064331	97.6526310569	62.8724460602	75194.0
84	135	0.87647503797	0.0529711620761	99.0947365761	75.4129858017	525558.0
52	155	0.0289352076976	0.0778947396967	98.4105263886	65.635725975	284822.0
99	43	0.489575701088	0.0298014137566	98.8105265718	80.7740108967	656028.0
45	42	0.480967499303	0.0423298841812	98.9894735186	70.1276061535	238986.0
36	36	0.0863213662952	0.0113129548853	98.2315788144	61.9516320229	183654.0
17	21	0.515135025544	0.0720314794396	98.757895043	65.7581210136	80142.0
41	87	0.0988927914732	0.0657188079024	98.9789470246	70.5782790184	213894.0
21	113	0.204466442989	0.228145976378	99.126316058	62.7171640396	100434.0
11	37	0.938369460039	0.0176148209871	98.1368419371	61.2764270306	51204.0
33	22	0.119941326473	0.0180723070443	98.7894742112	70.7724788189	166110.0
87	36	0.0763983229044	0.0351987923877	98.6631578521	68.4352998734	550752.0
71	52	0.0390941254108	0.279627871227	98.905263449	69.7257349491	421584.0
66	29	0.486780979456	0.0558736791381	99.0631577216	71.1847679615	383844.0
99	220	0.119217424346	0.265791009911	98.821052752	74.3985619545	656028.0
97	39	0.194617883372	0.14282048736	98.8421051126	78.4784600735	637982.0
22	174	0.138627706379	0.0232684657027	97.8000000903	65.3080830574	105632.0
85	30	0.242567588004	0.0105012268576	98.0105258917	65.5438129902	533906.0
65	64	0.307712318335	0.127399335128	99.0421050473	65.9496269226	376446.0
41	97	0.0500422601741	0.0167642146194	97.6736840449	69.0161969662	213894.0
52	194	0.566661050951	0.0312258589044	98.042106001	64.3390228748	284822.0
17	141	0.602914119109	0.163339289457	99.0631580353	60.5427660942	80142.0
49	66	0.718978022568	0.0963283273088	98.9578949778	66.839124918	264878.0
96	60	0.347838517085	0.0157553487289	97.8842104736	75.146600008	629034.0
29	18	0.0792451932096	0.185018840443	98.463158231	68.1609587669	143418.0
62	23	0.957683324156	0.0403554419411	10.8947368829	72.0322699547	354552.0
75	58	0.332383835627	0.0121873743184	97.6947367191	73.4916858673	452676.0
10	48	0.954936228586	0.0196439152596	97.6105269633	61.7739040852	46556.0
93	96	0.55287885691	0.0202207854726	98.115790204	70.0924110413	602490.0
74	40	0.883836324691	0.013441477641	99.063158349	73.2204890251	444828.0
38	25	0.4209309551	0.032481838408	99.042105361	62.4174170494	195600.0
17	40	0.854596640828	0.122605726284	67.3789472956	64.7842469215	80142.0
27	81	0.81493031355	0.314049472584	10.6315789254	62.7423751354	132372.0
69	17	0.889795747733	0.042461878182	71.6631575635	61.835365057	406338.0
70	76	0.152590181252	0.0139379627463	97.5684200463	67.1397688389	413936.0
99	80	0.954298002968	0.0391218390927	98.1684207916	76.5978782177	656028.0
87	135	0.367262145401	0.238088120964	98.8736845945	62.4497170448	550752.0
29	23	0.393041928845	0.256517511483	88.9894736441	61.277556181	143418.0
76	205	0.90705824242	0.206268464925	98.1368422508	66.8894600868	460574.0
49	110	0.254145036389	0.0842192883692	98.8736839671	63.7620329857	264878.0
32	141	0.344385147754	0.0303717884562	98.4421058705	66.7571368217	160362.0
86	24	0.850500653758	0.0116467593693	99.052631855	67.4471731186	542304.0
67	53	0.864409180399	0.0504426420533	98.8631581005	69.4478650093	391292.0
38	70	0.497580172889	0.0148276461448	98.4315793765	67.8854219913	195600.0
47	20	0.518574519651	0.175828151449	86.6421059558	71.8143589497	251832.0
20	185	0.923325059386	0.0231165104561	99.1684210928	62.0264558792	95286.0
30	97	0.851192507931	0.0695421537295	99.0842107095	66.2497699261	149016.0
57	119	0.349807706224	0.205798789229	99.1052633838	69.7520918846	319062.0
13	50	0.352006896474	0.0209556413718	98.5578951083	60.7162110806	60650.0
93	19	0.0128396378103	0.0344071720328	98.8842107748	84.923006773	602490.0
92	45	0.278049111321	0.0104186226204	97.7052628994	72.6778419018	593742.0
50	130	0.851593711883	0.0711129663331	99.0631577216	63.3952360153	271476.0
57	229	0.355532708987	0.194880643728	99.1052633838	68.2662401199	319062.0
38	146	0.280610362323	0.0427737646445	98.2315794418	64.2037789822	195600.0
22	22	0.638395104016	0.206991102846	10.8947368829	68.1794650555	105632.0
52	25	0.51276618467	0.0702415637104	98.9473684838	63.525621891	284822.0
21	145	0.872205708119	0.216653198073	97.3578951861	65.5157849789	100434.0
12	86	0.306117867471	0.0323024617291	98.4526320508	60.9056370258	55902.0
18	27	0.551301222259	0.0321647694817	98.9789473383	63.9664211273	85140.0
16	28	0.522670888952	0.0307532113768	98.9578956052	61.3132789135	75194.0
87	18	0.504976682403	0.0578786274623	98.9473684838	75.9795451164	550752.0
43	22	0.538538081506	0.233394691101	39.0947368584	64.4930651188	226340.0
19	17	0.817715327918	0.114318290624	10.8947368829	60.5224039555	90188.0
66	16	0.626908675682	0.0689894046894	98.6315786839	79.916287899	383844.0
53	80	0.818115857271	0.0243748080033	99.0105258791	69.5568840504	291570.0
87	87	0.703626952095	0.275710677966	98.5578957357	62.9050798416	550752.0
99	47	0.483826451975	0.0155433829008	98.1999999598	80.1089711189	656028.0
47	31	0.291709509418	0.113821802872	98.9894738323	63.5232570171	251832.0
96	177	0.825307755817	0.0952875930564	98.831579246	71.2526400089	629034.0
79	62	0.154098224379	0.059371620049	98.5578947946	73.2445311546	484568.0
62	45	0.356250388873	0.0105697540288	98.0315788796	66.2568311691	354552.0
31	48	0.859483532027	0.1783048718	10.8947368829	63.2830190659	154664.0
68	68	0.000629632852596	0.291708811087	99.1052633838	66.1939499378	398790.0
81	26	0.536466359907	0.0623923202405	98.9789473383	63.8638608456	500814.0
34	25	0.950369802705	0.0174751816577	96.6000004819	66.6672699451	171908.0
86	166	0.332923969046	0.0181308148088	97.1368422634	78.2489550114	542304.0
18	77	0.424376125852	0.0720897834282	99.0210526868	66.1770370007	85140.0
62	31	0.220000273713	0.0539710398825	98.9789482794	70.1903710365	354552.0
26	26	0.795376268978	0.159233869011	10.8947368829	66.5987808704	126924.0
86	200	0.652601755295	0.0162182659389	97.5473689406	77.6603090763	542304.0
26	148	0.687385477303	0.0190920654916	98.5052635795	64.0576560497	126924.0
83	80	0.0244626611413	0.010614725392	96.7684218758	76.951485157	517260.0
46	26	0.71847809865	0.016322959774	98.9789473383	65.7097480297	245384.0
73	32	0.456974688614	0.223527813019	98.4105267023	77.7954189777	437030.0
89	47	0.841258193536	0.127921117551	94.5684219662	67.666590929	567798.0
94	85	0.0982348894485	0.0270577726027	97.5368418192	71.6674609184	611288.0
24	49	0.816390890314	0.239816449674	10.8947368829	63.806483984	116178.0
31	133	0.681705639386	0.0309646577357	98.6421054915	65.9872069359	154664.0
77	45	0.994336725151	0.0113041563427	10.8947367652	77.0150470734	468522.0
98	92	0.868652850682	0.0107219710975	98.5263162538	75.5045640469	646980.0
94	121	0.844377668609	0.191983676478	98.536842434	69.8390190601	611288.0
69	28	0.01632063206	0.0147996471555	98.5157894461	75.2480881214	406338.0
49	155	0.344805611811	0.0108538030454	96.1368419622	62.3787381649	264878.0
56	44	0.0157846083737	0.173114180488	98.9789473383	62.1575219631	312114.0
96	22	0.337917288033	0.0129899956238	98.3578945461	83.9924621582	629034.0
34	119	0.00354651557989	0.0137706098242	97.0947362875	61.288312912	171908.0
50	97	0.721863051019	0.0241217143117	98.8315789323	64.8256790638	271476.0
78	19	0.532596311673	0.0781226982062	98.9578946641	66.701431036	476520.0
95	79	0.508783302899	0.112745839719	98.9052631353	72.8025071621	620136.0
99	43	0.00257639911533	0.0888390470059	98.747368549	82.1231257915	656028.0
23	47	0.112996670692	0.1253349396	98.9368416761	64.1055221558	110880.0
73	72	0.740686385066	0.0540088376929	99.0315788671	70.8834109306	437030.0
19	193	0.212439985889	0.0595545500913	98.5263156263	60.7779128551	90188.0
88	94	0.492120762771	0.0354997524191	98.4526314233	62.2632341385	559250.0
47	20	0.708414162543	0.115563906659	84.8631585899	69.8130440712	251832.0
53	18	0.435237613518	0.01679935184	98.8842104611	71.1890518665	291570.0
31	29	0.62888711099	0.0126599592323	98.905263449	61.4758439064	154664.0
65	230	0.798991065933	0.0147087827776	97.9894735311	74.7121272087	376446.0
18	16	0.251482503702	0.121277162337	98.6105269507	66.3281290531	85140.0
52	105	0.444229866293	0.186227162443	99.1368422383	67.1991620064	284822.0
31	34	0.358303775114	0.181743021961	99.0526315413	67.8634259701	154664.0
82	26	0.605364267682	0.0204938853532	98.5894739628	65.6516039371	509012.0
27	28	0.697036746005	0.0575045267445	99.0105268202	65.0242409706	132372.0
59	165	0.490558310521	0.0167849115706	97.6631575509	71.8073627949	333108.0
33	83	0.0495901408665	0.0268712036165	98.1684223602	60.9459090233	166110.0
64	88	0.675667707781	0.25076207099	98.7894742112	61.9023048878	369098.0
99	37	0.368147262617	0.0190813417228	98.4631579173	81.7752621174	656028.0
21	96	0.113639858951	0.0769043123881	98.915789943	61.6939349174	100434.0
60	16	0.446758523524	0.22145931648	10.6315789254	77.8007259369	340206.0
99	174	0.510722195363	0.0110689033546	96.0105259168	73.8193910122	656028.0
48	21	0.112387516601	0.0216229621974	98.6210525036	61.9383401871	258330.0
65	55	0.289889621494	0.0422823522694	98.6947370203	65.0652530193	376446.0
91	36	0.361632900464	0.0377911443772	98.894736955	73.2875750065	585044.0
44	108	0.492066825489	0.0247390216502	98.6526319855	68.1182549	232638.0
37	102	0.76747566687	0.0221087598526	98.8842114022	65.8351008892	189602.0
26	163	0.443605939093	0.0683673664022	98.8526306654	64.195333004	126924.0
90	30	0.693409431395	0.0935758204443	98.694737334	76.5714907646	576396.0
30	27	0.63542630931	0.080696595533	98.9578946641	62.1585309505	149016.0
62	172	0.209492528208	0.221971253955	98.8842110885	73.7691729069	354552.0
73	154	0.411630521361	0.0607893869286	98.3578954872	66.1619608402	437030.0
16	194	0.606912703391	0.0164200184368	97.9894744722	60.4635879993	75194.0
66	31	0.501211393098	0.0294425835676	98.9578946641	72.9479711056	383844.0
67	29	0.482102934245	0.2158124613	97.6000004693	73.8297300339	391292.0
75	104	0.922505790804	0.138162502075	94.4210529327	67.7382540703	452676.0
89	88	0.300594613631	0.104559130984	98.8736842808	65.8642799854	567798.0
80	122	0.113981155139	0.0487656137963	98.2105264538	70.4132142067	492666.0
22	116	0.169623759019	0.111832009814	99.0105265065	63.3673651218	105632.0
49	108	0.756956143611	0.0295564054244	98.9684214717	63.8811299801	264878.0
18	96	0.54322769516	0.0149775225848	98.3578942324	66.1466009617	85140.0
51	111	0.157693129375	0.0418951749388	98.3368421856	65.1270279884	278124.0
93	93	0.776776519906	0.0374213009722	98.7684209096	70.427685976	602490.0
92	85	0.593716903045	0.10254934955	98.821052752	67.7999420166	593742.0
94	245	0.580504882307	0.0344882111833	97.4842106041	69.0232269764	611288.0
51	41	0.356724268258	0.188918628828	99.0842097684	70.5922739506	278124.0
79	135	0.247612108001	0.116228598093	98.7263161885	70.4211969376	484568.0
81	26	0.137879879742	0.0740795737194	99.0631580353	64.5169479847	500814.0
51	53	0.434764264015	0.228090918082	99.0631580353	70.744822979	278124.0
33	71	0.410146264059	0.120116718336	99.0736839018	63.2610509396	166110.0
85	105	0.229522762926	0.0290517899098	98.0631583615	77.2218139172	533906.0
45	79	0.396263532141	0.0402894535317	98.7684212233	65.0710678101	238986.0
70	159	0.128129215928	0.241802232028	98.7052635143	63.4935011864	413936.0
83	164	0.487661119896	0.161364531997	98.9473684838	73.6690051556	517260.0
86	27	0.622024447506	0.0133116412013	98.6736846598	70.7297120094	542304.0
82	54	0.653446342951	0.175695696084	98.8736836534	78.718457222	509012.0
16	205	0.277208852777	0.251370557701	99.115789564	61.2630488873	75194.0
93	30	0.303803311786	0.126692015853	98.9684208443	77.6256728172	602490.0
26	57	0.169880687914	0.029731580508	98.694737334	64.1842939854	126924.0
27	209	0.638388665072	0.161332074423	99.1789475868	63.7380330563	132372.0
61	148	0.712802671919	0.0903683040871	99.0736845293	73.5391590595	347354.0
58	39	0.00055353087174	0.231541065215	99.0315788671	64.1559340954	326060.0
89	83	0.574751297697	0.0263805924588	98.315789825	65.4478700161	567798.0
77	211	0.601459876957	0.0723196215784	98.6526322992	67.6475470066	468522.0
78	77	0.850142304334	0.244144682621	82.4000007228	73.1462697983	476520.0
14	38	0.938784689823	0.0430045101598	83.4105262631	62.2830481529	65448.0
25	111	0.664774423219	0.0174260159502	98.5894736491	65.0088920593	121526.0
50	91	0.0523499607213	0.0182921146303	97.6842102252	65.5374951363	271476.0
53	67	0.266737299194	0.0598376247975	98.9684208443	70.9804439545	291570.0
95	61	0.618375734872	0.0108527143084	97.7894735964	74.0543889999	620136.0
51	21	0.147314055998	0.0126983475584	98.3789472204	65.7216529846	278124.0
82	131	0.870751179915	0.0802003506035	99.0105265065	73.6685461998	509012.0
89	36	0.769396661354	0.12564878508	97.4315793891	71.5526740551	567798.0
94	95	0.704510565392	0.0297650486847	98.5368418066	70.9509091377	611288.0
86	34	0.44925305738	0.0104100155706	98.0315791933	67.2391660213	542304.0
31	21	0.475276437425	0.0664708257367	99.1473684185	67.8013861179	154664.0
27	107	0.193595258746	0.01370641473	97.8315792586	66.6118268967	132372.0
96	18	0.618062858889	0.191272201634	10.8947368829	88.0790910721	629034.0
97	48	0.764200781519	0.240753270799	62.1684209297	78.2059431076	637982.0
48	50	0.0716645308588	0.0980761740554	98.9157893156	65.6310210228	258330.0
21	20	0.673005431252	0.0931419419279	96.5263162789	61.3003430367	100434.0
76	234	0.403147372148	0.224731223388	98.9263161233	66.277493	460574.0
10	24	0.3558746824	0.155601906408	97.8736842933	63.2080521584	46556.0
45	22	0.179446738692	0.0132227877956	98.6210525036	66.0615119934	238986.0
19	16	0.538330391225	0.0444398464741	99.0315785534	65.3205330372	90188.0
31	41	0.732758376903	0.0163764185791	99.042105361	65.4040160179	154664.0
11	91	0.3450519905	0.173075316295	98.8315786186	60.9789278507	51204.0
14	31	0.00246430012365	0.15558126249	99.063158349	62.9256179333	65448.0
21	61	0.280294471829	0.133368107638	99.0315788671	60.881207943	100434.0
93	73	0.977684931932	0.142241687076	10.6315789254	70.7826719284	602490.0
28	67	0.145472691728	0.281771941237	99.1157889366	66.9548740387	137870.0
18	30	0.854233346887	0.118134349333	50.9473686156	66.647341013	85140.0
84	55	0.934866032489	0.155750849402	10.6315789254	80.4309520721	525558.0
42	30	0.697686637323	0.0148150632724	98.9473684838	71.593059063	220092.0
22	16	0.876181137039	0.048120077031	54.2105268491	63.3510019779	105632.0
57	23	0.544266851282	0.267177677922	73.9894738323	68.0428359509	319062.0
42	206	0.132837006434	0.28050912282	99.0842107095	68.019701004	220092.0
60	38	0.468501203082	0.0177286101817	98.4526320508	66.1157538891	340206.0
81	151	0.252831575359	0.233088603673	98.747368549	72.5292639732	500814.0
53	99	0.92029822923	0.0644209771729	98.9368413624	67.4175291061	291570.0
54	149	0.942407937437	0.0153880240135	99.0736842155	67.0258147717	298368.0
22	30	0.20434895591	0.0559020552999	99.0210526868	62.2821218967	105632.0
49	30	0.866484136626	0.0388097429215	98.8315786186	75.2336688042	264878.0
15	22	0.114148048402	0.012126087205	98.6736852872	66.5766720772	70296.0
58	19	0.377575084098	0.267649265004	76.3368421479	75.0920748711	326060.0
97	25	0.040265965714	0.0707933192175	98.9263154958	83.5086431503	637982.0
91	81	0.487297700077	0.0250384144027	98.1999996461	67.8771340847	585044.0
20	38	0.38617674878	0.0752428638318	99.0736842155	65.8605840206	95286.0
20	19	0.844063251535	0.192399812053	10.8947368829	65.8274860382	95286.0
88	29	0.861703699006	0.0100567891999	98.9263161233	73.2041189671	559250.0
24	57	0.963203841731	0.310571153387	10.6315789254	63.1300609112	116178.0
11	129	0.175673838596	0.17736139029	99.0105255654	64.4861848354	51204.0
57	27	0.690095504048	0.174187753711	74.0842103958	69.7523739338	319062.0
91	69	0.15250917388	0.0196607314761	97.5894733479	68.6281688213	585044.0
