0	6.15905690193176	1.97166712511153	0.80990313228808	82.7473693772366
1	12.2839601039886	0.864452606459864	0.303421619691347	91.7052639158149
2	18.4013700485229	0.552963398954495	0.20719793478125	94.0315792435094
3	24.5026819705963	0.44753353617021	0.177655734513935	94.9052628717924
4	30.6126708984375	0.379861006171119	0.152642968845995	95.5368421579662
5	36.7167909145355	0.343543167675839	0.136078954527253	96.1368422759207
6	42.8269228935242	0.313426150477865	0.123249773524309	96.4526308210273
7	48.9559090137482	0.293801314064435	0.115272894893822	96.6842102377038
8	55.0794079303741	0.274719049533208	0.108263644536859	96.9052631604044
9	61.204498052597	0.254771451535476	0.101251949409121	97.1789469844417
