0	0.666385889053345	2.24207737710741	2.03208541870117	57.8000009059906
1	1.32824182510376	1.8661578628752	1.2343248128891	72.0000028610229
2	1.9924418926239	1.32736784882016	0.740194797515869	77.9999971389771
3	2.66041898727417	0.936040341854095	0.54487144947052	85.3999972343445
4	3.32424783706665	0.707300311989254	0.537967085838318	81.8000018596649
5	3.98935079574585	0.620449937052197	0.403857499361038	88.8000011444092
6	4.65357184410095	0.53105648027526	0.346313118934631	90.3999984264374
7	5.3175938129425	0.487584369050132	0.338317394256592	90.3999984264374
8	5.98613691329956	0.424783458312352	0.357425570487976	90.3999984264374
9	6.64960098266602	0.406001173787647	0.277092963457108	92.7999973297119
10	7.31208086013794	0.377488225698471	0.272140204906464	92.1999990940094
11	7.97692179679871	0.35365241434839	0.351507633924484	89.6000027656555
12	8.64524102210999	0.358146485355165	0.258646190166473	93.0000007152557
13	9.30910992622375	0.316532168123457	0.240243777632713	93.5999989509583
14	9.97765493392944	0.300696399476793	0.233824506402016	93.8000023365021
15	10.6435358524323	0.319960660404629	0.228061676025391	93.1999981403351
16	11.3085768222809	0.287105250689718	0.215434595942497	93.4000015258789
17	11.9728348255157	0.272353425621986	0.201115965843201	94.5999979972839
18	12.6370599269867	0.254899831281768	0.211550682783127	94.5999979972839
19	13.3016719818115	0.256332541505496	0.193719118833542	94.9999988079071
20	13.9655058383942	0.238442242145538	0.192821472883224	93.9999997615814
21	14.6297709941864	0.250223636627197	0.176618501543999	94.5999979972839
22	15.296826839447	0.235392110215293	0.180085375905037	94.8000013828278
23	15.9643988609314	0.213676515552733	0.179957374930382	94.9999988079071
24	16.6321108341217	0.240707905756103	0.174940824508667	94.1999971866608
25	17.3453378677368	0.204695944984754	0.178994730114937	94.9999988079071
26	18.3586149215698	0.221312133802308	0.171933621168137	94.1999971866608
27	19.0251078605652	0.198932278487417	0.159819647669792	94.9999988079071
28	19.6303570270538	0.201686423685816	0.17103622853756	95.2000021934509
29	20.2386968135834	0.187494516372681	0.162777453660965	95.3999996185303
30	20.9614608287811	0.18951541185379	0.167354345321655	95.3999996185303
31	21.7141489982605	0.185627972086271	0.160768434405327	94.8000013828278
32	22.4700598716736	0.186918281846576	0.158703863620758	95.2000021934509
33	23.2250888347626	0.17401034798887	0.161550164222717	95.3999996185303
34	23.9799709320068	0.169766639669736	0.1618632376194	94.8000013828278
35	24.7341918945312	0.168646100494597	0.152595147490501	95.8000004291534
36	25.4838688373566	0.165757228102949	0.144323974847794	95.8000004291534
37	26.2372028827667	0.162312888436847	0.153400614857674	95.8000004291534
38	26.990268945694	0.171927571296692	0.150121957063675	95.5999970436096
39	27.7452878952026	0.157885045640998	0.14213764667511	95.8000004291534
40	28.4980208873749	0.154566751586066	0.147690907120705	95.5999970436096
41	29.2440090179443	0.154770996835497	0.139126509428024	95.5999970436096
42	29.9890878200531	0.143618358506097	0.12833109498024	95.9999978542328
43	30.7411878108978	0.152215818564097	0.135290160775185	95.5999970436096
44	31.4951319694519	0.150577292674118	0.128337129950523	95.9999978542328
45	32.2470178604126	0.129847300549348	0.141271382570267	95.2000021934509
46	33.003574848175	0.140794736643632	0.13232696056366	95.8000004291534
47	33.7594850063324	0.130312099224991	0.137314289808273	95.2000021934509
48	34.5139968395233	0.132728272014194	0.133088484406471	95.3999996185303
49	35.2644879817963	0.143137436774042	0.118443891406059	95.9999978542328
