0	1.32442879676819	2.21198582649231	2.30916738510132	11.4000000059605
1	1.93645977973938	2.20454321967231	1.79009425640106	30.0000011920929
2	2.54021286964417	1.94742308722602	1.32492625713348	51.800000667572
3	3.22607684135437	2.00502660539415	2.24012684822083	15.8000007271767
4	4.08770799636841	2.28198308414883	2.31266331672668	8.20000022649765
5	4.94338297843933	2.28920578956604	2.30435943603516	10.4000002145767
6	5.80590295791626	2.30208823415968	2.30301547050476	10.4000002145767
7	6.6797559261322	2.3016914261712	2.30344653129578	10.8000002801418
8	7.56200289726257	2.30152283774482	2.30320858955383	10.8000002801418
9	8.41989493370056	2.30062447653876	2.30345106124878	10.8000002801418
10	9.2790379524231	2.30128513442145	2.30375242233276	10.8000002801418
11	10.1298468112946	2.30037845505608	2.30341815948486	10.8000002801418
12	10.9728939533234	2.30038354131911	2.30336713790894	10.4000002145767
13	11.81507396698	2.3007624414232	2.30319881439209	10.4000002145767
14	12.6661469936371	2.30066577593485	2.30432820320129	10.8000002801418
15	13.5313498973846	2.30097322993808	2.30313944816589	10.8000002801418
16	14.3753018379211	2.30051181051466	2.30390620231628	10.4000002145767
17	15.2466998100281	2.30024311277601	2.30394625663757	10.8000002801418
18	16.1065988540649	2.30102462238736	2.30280232429504	10.8000002801418
19	16.9878809452057	2.30047753122118	2.30302023887634	10.8000002801418
20	17.8717238903046	2.30103964275784	2.30381631851196	10.8000002801418
21	18.754390001297	2.30032250616286	2.30362200737	10.8000002801418
22	19.6294639110565	2.30030785666572	2.30420255661011	10.8000002801418
23	20.4775459766388	2.30077905125088	2.30360007286072	10.8000002801418
24	21.32062292099	2.30086594157749	2.30350375175476	10.4000002145767
25	22.1733977794647	2.29989361763	2.30372858047485	10.8000002801418
26	23.0333769321442	2.30053689744737	2.30292630195618	10.8000002801418
27	23.9039149284363	2.30024401346842	2.30339002609253	10.8000002801418
28	24.7709069252014	2.2998108598921	2.30346131324768	10.8000002801418
29	25.6324169635773	2.30059348212348	2.30340647697449	10.8000002801418
30	26.5122828483582	2.30073255962796	2.30294036865234	10.8000002801418
31	27.3715498447418	2.30029808150397	2.30377507209778	10.8000002801418
32	28.2182929515839	2.30039543575711	2.30366706848145	10.8000002801418
33	29.0613579750061	2.3005006313324	2.30386877059937	10.8000002801418
34	29.9009878635406	2.30054797066583	2.30394315719604	10.8000002801418
35	30.745630979538	2.30028727319505	2.30393695831299	10.8000002801418
36	31.5862147808075	2.30144911342197	2.3030378818512	10.8000002801418
37	32.4275598526001	2.30033686425951	2.30342674255371	10.8000002801418
38	33.2679319381714	2.3003458182017	2.30371737480164	10.8000002801418
39	34.1290619373322	2.30089259147644	2.30303764343262	10.8000002801418
40	35.2383379936218	2.30120068126255	2.30290174484253	10.8000002801418
41	36.3513648509979	2.30066063668993	2.3039243221283	10.8000002801418
42	37.1948428153992	2.30063814587063	2.30326795578003	10.8000002801418
43	38.0413928031921	2.3010937637753	2.30347394943237	9.20000001788139
44	38.8844759464264	2.30062034395006	2.303391456604	10.8000002801418
45	39.7288248538971	2.30055644777086	2.30357885360718	10.8000002801418
46	40.5711419582367	2.30096456739638	2.30327153205872	10.8000002801418
47	41.4128129482269	2.30055697758993	2.30351948738098	10.8000002801418
48	42.2704699039459	2.30013789070977	2.30401706695557	10.8000002801418
49	43.1300508975983	2.30098499192132	2.30379199981689	10.8000002801418
