0	0.650706052780151	2.34670713212755	2.31641173362732	11.8000000715256
1	1.38076710700989	2.34513070848253	2.31443119049072	11.8000000715256
2	2.11026215553284	2.34483684433831	2.31254196166992	11.8000000715256
3	2.84343600273132	2.34538867738512	2.3106153011322	11.9999997317791
4	3.57541108131409	2.34154362148709	2.30876803398132	12.2000001370907
5	4.30419611930847	2.3334424495697	2.30710196495056	12.3999997973442
6	5.03868412971497	2.33672187063429	2.30542469024658	12.6000002026558
7	5.76686811447144	2.33699851565891	2.30384087562561	12.6000002026558
8	6.49694204330444	2.33618103133308	2.3022255897522	12.8000006079674
9	7.22591304779053	2.33121710353427	2.30068922042847	12.8000006079674
10	7.95416212081909	2.33283326360914	2.29923534393311	12.8000006079674
11	8.6864960193634	2.32548631562127	2.29787635803223	12.6000002026558
12	9.4161651134491	2.32818627357483	2.29649567604065	12.8000006079674
13	10.1435761451721	2.31624929110209	2.29519963264465	13.400000333786
14	10.8732089996338	2.32340036498176	2.293785572052	13.6000007390976
15	11.6021909713745	2.31801745626661	2.29252195358276	13.7999996542931
16	12.3271520137787	2.31644667519463	2.29127597808838	14.5999997854233
17	13.0560989379883	2.31387737062242	2.29010939598083	14.8000001907349
18	13.7886509895325	2.31468510627747	2.28891754150391	15.0000005960464
19	14.5182020664215	2.31172336472405	2.28777742385864	15.3999999165535
20	15.246365070343	2.31170108583238	2.2866485118866	15.6000003218651
21	15.976380109787	2.31362790531582	2.28553056716919	15.8000007271767
22	16.7073030471802	2.30814292695787	2.28445172309875	15.8000007271767
23	17.4381580352783	2.30924969249301	2.28341746330261	15.8000007271767
24	18.1667799949646	2.30774513880412	2.28243494033813	16.4000004529953
25	18.8965909481049	2.30273426903619	2.28147125244141	16.4000004529953
26	19.6282420158386	2.30030224058363	2.28047323226929	16.4000004529953
27	20.3602831363678	2.30154082510206	2.27949047088623	16.4000004529953
28	21.091490983963	2.30316042900085	2.27856087684631	16.5999993681908
29	21.8204319477081	2.30323666996426	2.27759456634521	16.7999997735023
30	22.5485761165619	2.29752657148573	2.2766444683075	16.7999997735023
31	23.2754299640656	2.2997965282864	2.27576065063477	16.5999993681908
32	24.0041880607605	2.29864901966519	2.27485108375549	17.0000001788139
33	24.7362720966339	2.30032165845235	2.27401757240295	17.399999499321
34	25.4672119617462	2.29730998145209	2.27316045761108	17.5999999046326
35	26.195974111557	2.29374485545688	2.27231502532959	18.1999996304512
36	26.9273431301117	2.29412741131253	2.27145552635193	18.6000004410744
37	27.6573021411896	2.2954269250234	2.27062010765076	19.7999998927116
38	28.3863589763641	2.29193327162001	2.26978397369385	20.0000002980232
39	29.1189589500427	2.28622754414876	2.26892852783203	20.3999996185303
40	29.8511230945587	2.29478655921088	2.2681405544281	20.3999996185303
41	30.5834970474243	2.28706158532037	2.26727938652039	20.8000004291534
42	31.3115649223328	2.28398489952087	2.26643848419189	21.7999994754791
43	32.0431921482086	2.28753680653042	2.26562333106995	22.8000000119209
44	32.7710859775543	2.28535609775119	2.26478147506714	23.8000005483627
45	33.5000331401825	2.2853807343377	2.26395845413208	24.7999995946884
46	34.2309429645538	2.28305180867513	2.26316022872925	25.7999986410141
47	34.962042093277	2.28234060605367	2.26229858398438	25.9999990463257
48	35.6944630146027	2.28642908732096	2.26151418685913	26.3999998569489
49	36.4230511188507	2.28558415836758	2.26072645187378	26.800000667572
