0	0.82476806640625	2.37782226668464	2.23673796653748	13.400000333786
1	1.64383697509766	3.49485781457689	2.34933352470398	10.1999998092651
2	2.46369099617004	2.31585542360942	2.30321669578552	10.8000002801418
3	3.28268313407898	2.30155004395379	2.30275583267212	10.8000002801418
4	4.09937500953674	2.30116714371575	2.30358982086182	10.8000002801418
5	4.91707301139832	2.30103680822584	2.30208897590637	10.8000002801418
6	5.73727107048035	2.30007704099019	2.30534601211548	10.8000002801418
7	6.8170211315155	2.30138895246718	2.30481791496277	10.8000002801418
8	7.8738739490509	2.30100936359829	2.30406451225281	10.8000002801418
9	8.69366312026978	2.30110491646661	2.30369973182678	10.8000002801418
10	9.51363801956177	2.30122020509508	2.30320024490356	10.8000002801418
11	10.3292429447174	2.30094207657708	2.30408310890198	10.8000002801418
12	11.1487319469452	2.30049649874369	2.3041205406189	10.8000002801418
13	11.9682099819183	2.30120733049181	2.30428600311279	10.8000002801418
14	12.7881269454956	2.30078599188063	2.30390238761902	10.8000002801418
15	13.606929063797	2.30103641086155	2.30418252944946	10.4000002145767
16	14.4261131286621	2.30118338267008	2.30412554740906	10.8000002801418
17	15.241308927536	2.30126765039232	2.30348539352417	10.8000002801418
18	16.0562040805817	2.30104653040568	2.30474281311035	10.8000002801418
19	16.8701229095459	2.30134722921583	2.30410361289978	10.8000002801418
20	17.6891131401062	2.30064943101671	2.30298161506653	10.8000002801418
21	18.5062370300293	2.30103076828851	2.30463624000549	10.8000002801418
22	19.3228249549866	2.30121061537001	2.30393266677856	10.8000002801418
23	20.1430089473724	2.30148884985182	2.30399990081787	10.8000002801418
24	20.9653661251068	2.30183720588684	2.30332231521606	10.8000002801418
25	21.783497095108	2.30107551150852	2.30350351333618	10.4000002145767
26	22.6041281223297	2.30100637012058	2.30466151237488	10.4000002145767
27	23.4245710372925	2.30110936694675	2.30474758148193	10.8000002801418
28	24.2434661388397	2.30176957448324	2.30397176742554	9.20000001788139
29	25.0636141300201	2.30218005180359	2.30432868003845	9.20000001788139
30	25.8811810016632	2.30150736702813	2.30460739135742	10.8000002801418
31	26.6987490653992	2.30158016416762	2.30337595939636	10.8000002801418
32	27.517578125	2.30093881818983	2.3035683631897	10.8000002801418
33	28.3372509479523	2.30080930391947	2.3031747341156	10.8000002801418
34	29.155632019043	2.30070845286051	2.30449724197388	10.8000002801418
35	29.9775819778442	2.30034012264676	2.30478096008301	10.8000002801418
36	30.795154094696	2.30110187000699	2.30459904670715	10.4000002145767
37	31.6141030788422	2.30080983373854	2.3035044670105	10.8000002801418
38	32.4303810596466	2.29999052153693	2.3039231300354	10.4000002145767
39	33.2491390705109	2.30131260553996	2.30405569076538	10.8000002801418
40	34.0665321350098	2.30116568671332	2.30449318885803	10.8000002801418
41	34.8850140571594	2.30111580424839	2.30295157432556	10.8000002801418
42	35.7023329734802	2.30091696315342	2.30445647239685	10.8000002801418
43	36.5218050479889	2.30123326513502	2.30428862571716	10.8000002801418
44	37.3435389995575	2.30167934629652	2.30500292778015	10.4000002145767
45	38.1665050983429	2.30132802327474	2.30396294593811	10.4000002145767
46	38.9871740341187	2.30190338028802	2.30427813529968	10.8000002801418
47	39.937243938446	2.30150516827901	2.30581879615784	10.8000002801418
48	41.2556569576263	2.3020822736952	2.3034839630127	10.8000002801418
49	42.3908240795135	2.3002229001787	2.3036060333252	10.8000002801418
