0	0.689440965652466	2.24018335342407	2.29692220687866	10.4000002145767
1	1.37363290786743	2.9442261589898	2.32428860664368	10.8000002801418
2	2.06320405006409	2.30912650956048	2.30804705619812	10.4000002145767
3	2.75794696807861	2.30124550395542	2.30477070808411	10.8000002801418
4	3.4632580280304	2.30042478773329	2.30424308776855	10.8000002801418
5	4.1598379611969	2.30045289463467	2.30414128303528	10.8000002801418
6	4.850093126297	2.30025029182434	2.30310273170471	10.8000002801418
7	5.53474307060242	2.30049292246501	2.30371189117432	10.8000002801418
8	6.21914196014404	2.29997385872735	2.30356431007385	10.8000002801418
9	6.90399408340454	2.30092944039239	2.30332136154175	10.8000002801418
10	7.59010696411133	2.30086649788751	2.30348658561707	10.8000002801418
11	8.2784059047699	2.30091778437297	2.30357480049133	10.8000002801418
12	8.96966195106506	2.30082596672906	2.30403518676758	10.8000002801418
13	9.65644907951355	2.30076887872484	2.30356168746948	10.8000002801418
14	10.3417599201202	2.29995817608303	2.30373954772949	10.8000002801418
15	11.031830072403	2.30110862520006	2.30294942855835	10.8000002801418
16	11.7120060920715	2.29954926172892	2.30342292785645	10.8000002801418
17	12.3975629806519	2.30046489503649	2.30352449417114	10.8000002801418
18	13.0890231132507	2.30026398764716	2.30359077453613	10.8000002801418
19	13.7786030769348	2.30071430736118	2.30302762985229	10.8000002801418
20	14.4673719406128	2.30052593019274	2.30303239822388	10.8000002801418
21	15.1574399471283	2.30087600813972	2.30351710319519	10.8000002801418
22	15.8380749225616	2.30072331428528	2.30324578285217	10.8000002801418
23	16.5249121189117	2.30025007989672	2.30386805534363	10.8000002801418
24	17.210352897644	2.30086199442546	2.30369138717651	10.8000002801418
25	17.8902399539948	2.3007378578186	2.3039345741272	10.8000002801418
26	18.5764870643616	2.30149462487963	2.3030571937561	10.8000002801418
27	19.2580289840698	2.29998474650913	2.30365633964539	10.8000002801418
28	19.9449019432068	2.3004563914405	2.30386638641357	10.8000002801418
29	20.6344950199127	2.30119890636868	2.30378317832947	10.4000002145767
30	21.3226730823517	2.30033938090006	2.30364203453064	10.4000002145767
31	22.0110080242157	2.30086043145922	2.30310201644897	10.8000002801418
32	22.701966047287	2.30062251620822	2.30346608161926	10.8000002801418
33	23.3905920982361	2.30002768834432	2.30385065078735	10.8000002801418
34	24.0801599025726	2.30061637030707	2.30344700813293	10.8000002801418
35	24.7695169448853	2.30055247412788	2.30204463005066	10.8000002801418
36	25.4617719650269	2.30022952291701	2.30321788787842	10.8000002801418
37	26.1515910625458	2.3002335495419	2.30412602424622	10.8000002801418
38	26.8326189517975	2.30040126376682	2.30396580696106	10.8000002801418
39	27.5198678970337	2.30052667193943	2.30442333221436	10.8000002801418
40	28.202721118927	2.29917952749464	2.30442667007446	10.8000002801418
41	28.8838560581207	2.30015998416477	2.30348920822144	10.8000002801418
42	29.5714859962463	2.29955816268921	2.30312252044678	10.8000002801418
43	30.2539610862732	2.30060675409105	2.30297517776489	10.8000002801418
44	30.9318919181824	2.29908243815104	2.30413937568665	10.8000002801418
45	31.6111190319061	2.30057467354669	2.30409526824951	10.8000002801418
46	32.2903959751129	2.30055679215325	2.30367708206177	10.8000002801418
47	32.9757959842682	2.30049890942044	2.30337643623352	10.8000002801418
48	33.6554319858551	2.30172567897373	2.30306220054626	10.8000002801418
49	34.3374540805817	2.3001377052731	2.30394315719604	10.8000002801418
