0	0.724737882614136	2.32957980367872	2.30636763572693	7.80000016093254
1	1.43248510360718	2.32126185629103	2.29837989807129	10.4000002145767
2	2.13444495201111	2.30938943227132	2.29222655296326	15.0000005960464
3	2.82745790481567	2.30261895391676	2.28648900985718	19.4000005722046
4	3.51822996139526	2.29609547721015	2.28109979629517	23.199999332428
5	4.21339011192322	2.2905183368259	2.27610349655151	25.2000004053116
6	4.90570211410522	2.28694764773051	2.27173852920532	28.0000001192093
7	5.59781098365784	2.28175724877252	2.26680254936218	32.600000500679
8	6.29236006736755	2.27513172891405	2.26186108589172	33.5999995470047
9	6.97966408729553	2.27038404676649	2.2562952041626	34.9999994039536
10	7.67403197288513	2.26266874207391	2.2504198551178	36.1999988555908
11	8.369215965271	2.26197912957933	2.24427628517151	38.6000007390976
12	9.0617311000824	2.25316887431675	2.23750782012939	38.8000011444092
13	9.7554829120636	2.2492934068044	2.22995972633362	41.9999986886978
14	10.4509739875793	2.23985449473063	2.22114849090576	42.8000003099442
15	11.146390914917	2.23193250762092	2.21148777008057	43.3999985456467
16	11.8462820053101	2.22160532739427	2.20075273513794	45.1999992132187
17	12.5393640995026	2.21277258131239	2.18888354301453	46.2000012397766
18	13.2327029705048	2.20359060499403	2.17528629302979	49.0000009536743
19	13.9241709709167	2.19623531235589	2.1602144241333	49.7999995946884
20	14.6134750843048	2.18386787838406	2.14364838600159	52.3999989032745
21	15.3044090270996	2.16627523634169	2.12493419647217	53.7999987602234
22	15.9988811016083	2.15096754497952	2.10275149345398	55.1999986171722
23	16.6932399272919	2.13259932729933	2.07765913009644	56.4000010490417
24	17.3872039318085	2.12237122323778	2.05185389518738	56.9999992847443
25	18.0829720497131	2.09546693166097	2.02049160003662	57.4000000953674
26	18.7768859863281	2.07405622800191	1.98624193668365	58.2000017166138
27	19.4724969863892	2.04272985458374	1.94719529151917	59.2000007629395
28	20.1661610603333	2.01003034909566	1.90369069576263	59.799998998642
29	20.8607449531555	1.9890337785085	1.85769701004028	60.0000023841858
30	21.5545659065247	1.93572988775041	1.8046053647995	61.599999666214
31	22.2497189044952	1.89204992188348	1.74750483036041	62.1999979019165
32	22.9353439807892	1.8694300254186	1.69060838222504	63.5999977588654
33	23.6249599456787	1.82116688622369	1.63058006763458	64.6000027656555
34	24.3174130916595	1.78207980261909	1.57128775119781	64.9999976158142
35	25.0111908912659	1.72568851047092	1.50959968566895	65.3999984264374
36	25.7043380737305	1.68068170547485	1.44587552547455	67.0000016689301
37	26.3972389698029	1.63993745379978	1.38718974590302	67.1999990940094
38	27.0930149555206	1.58634679847293	1.32485866546631	68.8000023365021
39	27.7922968864441	1.5704587565528	1.27362203598022	70.2000021934509
40	28.4860589504242	1.49337069193522	1.2122939825058	71.399998664856
41	29.1768610477448	1.45138295491536	1.16056489944458	72.0000028610229
42	29.8741939067841	1.42659800582462	1.11270356178284	74.5999991893768
43	30.5656499862671	1.35488884978824	1.06144535541534	75.4000008106232
44	31.2496149539948	1.32064363691542	1.01468074321747	75.8000016212463
45	31.94176197052	1.30096938874986	0.978135645389557	76.5999972820282
46	32.6346271038055	1.27424841456943	0.94463711977005	77.2000014781952
47	33.3272280693054	1.22403511736128	0.90637594461441	77.7999997138977
48	34.0217800140381	1.19714441564348	0.876145303249359	77.7999997138977
49	34.7113900184631	1.14356256855859	0.846536457538605	79.6000003814697
