0	0.816067934036255	2.27479640642802	2.18654227256775	48.199999332428
1	1.63749980926514	2.06993639469147	1.58452928066254	59.799998998642
2	2.45910882949829	1.60559390650855	0.881550550460815	80.4000020027161
3	3.29211783409119	1.12408878405889	0.587404906749725	85.6000006198883
4	4.12512898445129	0.843174517154694	0.496266961097717	87.1999979019165
5	4.95733380317688	0.670010182592604	0.41741481423378	88.9999985694885
6	5.79133081436157	0.568063845237096	0.382771223783493	89.2000019550323
7	6.61107301712036	0.534378677606583	0.338306814432144	89.8000001907349
8	7.42860388755798	0.481156504816479	0.327451020479202	90.3999984264374
9	8.24944186210632	0.437373366620806	0.291481673717499	91.3999974727631
10	9.06961584091187	0.395749714639452	0.294086754322052	91.2000000476837
11	9.89061999320984	0.440272268321779	0.283257126808167	91.3999974727631
12	10.7093689441681	0.364747378561232	0.270100593566895	92.7999973297119
13	11.5418319702148	0.342558281289207	0.232059881091118	92.5999999046326
14	12.3764128684998	0.337185654375288	0.220203042030334	93.5999989509583
15	13.2072939872742	0.316946383979585	0.213956341147423	93.8000023365021
16	14.0426478385925	0.293671626183722	0.216446593403816	93.4000015258789
17	14.877701997757	0.300074633624819	0.203410252928734	93.8000023365021
18	15.6988348960876	0.287254547079404	0.187024295330048	94.4000005722046
19	16.5191369056702	0.267825269036823	0.183601498603821	94.4000005722046
20	17.3370130062103	0.265896553794543	0.187016442418098	93.9999997615814
21	18.170658826828	0.260980723632707	0.183763742446899	95.2000021934509
22	18.9876320362091	0.246687844395638	0.174939066171646	94.5999979972839
23	19.8187899589539	0.242362393273248	0.19054214656353	94.1999971866608
24	20.6512048244476	0.239424152506722	0.171000465750694	94.5999979972839
25	21.4810209274292	0.23079945312606	0.160971984267235	94.4000005722046
26	22.3160400390625	0.222301104002529	0.169237524271011	95.8000004291534
27	23.1483278274536	0.206507894727919	0.156036257743835	95.8000004291534
28	23.9835410118103	0.213682783974542	0.153345972299576	95.8000004291534
29	24.8190948963165	0.223322485884031	0.170827895402908	95.2000021934509
30	25.6510448455811	0.199696512685882	0.174226686358452	95.2000021934509
31	26.4813988208771	0.213159547083908	0.148217543959618	96.2000012397766
32	27.3180589675903	0.198729480306307	0.153305575251579	95.8000004291534
33	28.15114402771	0.19705791440275	0.147485256195068	95.9999978542328
34	28.9831218719482	0.193346541788843	0.140132129192352	95.8000004291534
35	29.8153848648071	0.189599179559284	0.14616622030735	95.9999978542328
36	30.6487858295441	0.184944303499328	0.14255827665329	95.3999996185303
37	31.4811089038849	0.177887610263295	0.150418907403946	95.8000004291534
38	32.315554857254	0.165980181760258	0.127645909786224	96.6000020503998
39	33.1499149799347	0.182487085461617	0.129682973027229	96.2000012397766
40	33.9811220169067	0.171075496408674	0.149365574121475	96.2000012397766
41	34.8009188175201	0.169438951545291	0.130193904042244	95.9999978542328
42	35.6221039295197	0.170935451984406	0.123036302626133	96.6000020503998
43	36.440691947937	0.155569037629498	0.126059576869011	95.5999970436096
44	37.2640328407288	0.157534303764502	0.12442097812891	96.2000012397766
45	38.0811829566956	0.157879288825724	0.129504129290581	96.399998664856
46	38.9010469913483	0.154944289061758	0.122079744935036	96.6000020503998
47	39.7359459400177	0.146275993850496	0.130626887083054	96.399998664856
48	40.5711288452148	0.157041741742028	0.132219299674034	96.6000020503998
49	41.4026229381561	0.155150323278374	0.139836683869362	95.8000004291534
