0	1.07190108299255	2.33516388469272	2.30502009391785	10.8000002801418
1	2.10295820236206	2.30266631974114	2.30131864547729	10.8000002801418
2	3.20388102531433	2.30671795209249	2.2970917224884	11.2000003457069
3	4.49978017807007	2.30212071206835	2.3047788143158	10.1999998092651
4	5.64323806762695	2.30136791865031	2.30242133140564	10.8000002801418
5	6.68988609313965	2.30161452293396	2.30281162261963	10.8000002801418
6	7.70324611663818	2.30235060056051	2.30442380905151	10.8000002801418
7	8.80764818191528	2.30122062895033	2.30568838119507	10.8000002801418
8	9.90745520591736	2.30155211024814	2.30360054969788	10.8000002801418
9	11.0624141693115	2.3014416164822	2.30383348464966	10.8000002801418
10	12.1506111621857	2.30120033688015	2.30382966995239	10.4000002145767
11	13.2613952159882	2.30123053656684	2.30427527427673	10.4000002145767
12	14.4049670696259	2.3014313115014	2.30457282066345	9.20000001788139
13	15.5331571102142	2.30126447147793	2.30337262153625	10.8000002801418
14	16.6783661842346	2.30168684323629	2.30242967605591	10.8000002801418
15	17.974757194519	2.30066590838962	2.30368971824646	10.8000002801418
16	19.3040461540222	2.30179741647508	2.30485057830811	9.20000001788139
17	20.4658811092377	2.30133308304681	2.30355596542358	10.8000002801418
18	21.6892220973969	2.30115434858534	2.3036732673645	10.8000002801418
19	22.8837192058563	2.30108141899109	2.30441641807556	10.4000002145767
20	24.1510941982269	2.30131538709005	2.30484008789062	10.4000002145767
21	25.3908290863037	2.30130198266771	2.30322337150574	10.8000002801418
22	26.6187191009521	2.30133930842082	2.30371785163879	10.4000002145767
23	27.8264920711517	2.30076596471998	2.3031952381134	10.8000002801418
24	29.1010000705719	2.30127461751302	2.30366277694702	10.4000002145767
25	30.3294680118561	2.3014965057373	2.30380201339722	10.8000002801418
26	31.5406420230865	2.30080178048876	2.30488777160645	10.8000002801418
27	32.8986110687256	2.30065867635939	2.30415916442871	10.4000002145767
28	34.114333152771	2.30104785495334	2.30378460884094	10.8000002801418
29	35.3457880020142	2.30047244495816	2.30518507957458	10.8000002801418
30	36.4354341030121	2.30165118641324	2.30422329902649	10.8000002801418
31	37.619255065918	2.30121795336405	2.30457758903503	10.8000002801418
32	38.7421841621399	2.30146932601929	2.30326890945435	10.4000002145767
33	39.8290700912476	2.30152074495951	2.30355930328369	10.8000002801418
34	41.0449471473694	2.30113450686137	2.30316352844238	10.8000002801418
35	42.1851401329041	2.30025002691481	2.30262804031372	10.8000002801418
36	43.2820801734924	2.30031304889255	2.30425095558167	10.8000002801418
37	44.493262052536	2.30138426356845	2.30340814590454	10.8000002801418
38	45.6493360996246	2.30066935221354	2.30387449264526	10.8000002801418
39	46.8877561092377	2.3002487288581	2.30389356613159	10.8000002801418
40	48.1206800937653	2.30030383004083	2.30465245246887	10.8000002801418
41	49.3869540691376	2.30129345258077	2.30292749404907	10.8000002801418
42	50.6147820949554	2.30146302117242	2.30341482162476	10.8000002801418
43	51.8303270339966	2.30188404189216	2.30349135398865	10.4000002145767
44	53.1248931884766	2.30119869444105	2.30316019058228	10.8000002801418
45	54.3404431343079	2.30075229538812	2.30244708061218	10.8000002801418
46	55.5425770282745	2.30055928230286	2.30469059944153	9.20000001788139
47	56.8339490890503	2.30117906464471	2.3040087223053	10.8000002801418
48	58.1456751823425	2.30085635185242	2.30445766448975	10.8000002801418
49	59.3821251392365	2.30120322439406	2.30433797836304	10.4000002145767
