0	0.742396831512451	2.28498289320204	2.22806429862976	30.3999990224838
1	1.48042392730713	2.19901090198093	2.0591094493866	61.599999666214
2	2.21848082542419	2.00616996818119	1.62337565422058	66.2000000476837
3	2.95842981338501	1.61173329088423	1.05116486549377	76.800000667572
4	3.700110912323	1.25571934382121	0.757672667503357	82.4000000953674
5	4.44149088859558	0.973632309171889	0.642854988574982	83.2000017166138
6	5.17776989936829	0.826800511942969	0.516263425350189	86.7999970912933
7	5.91214299201965	0.686892734633552	0.489552795886993	86.599999666214
8	6.64572095870972	0.630837341149648	0.427051991224289	89.3999993801117
9	7.38388895988464	0.595935993724399	0.430740594863892	87.8000020980835
10	8.11939287185669	0.523948007159763	0.362922072410583	89.8000001907349
11	8.85729002952576	0.488393902778625	0.33766570687294	91.0000026226044
12	9.59842586517334	0.468637966447406	0.328785210847855	91.3999974727631
13	10.3320319652557	0.456822425127029	0.414089769124985	87.5999987125397
14	11.0690619945526	0.409035043583976	0.300106555223465	92.1999990940094
15	11.8043169975281	0.388165940841039	0.299057602882385	92.1999990940094
16	12.5421240329742	0.383386340406206	0.345505923032761	89.9999976158142
17	13.2815628051758	0.37808828552564	0.272797882556915	92.5999999046326
18	14.0169608592987	0.353440877464082	0.268912494182587	92.4000024795532
19	14.7565958499908	0.335424714618259	0.281822383403778	92.1999990940094
20	15.4962418079376	0.339080158207152	0.25424200296402	93.0000007152557
21	16.2363858222961	0.328163918521669	0.244916990399361	92.7999973297119
22	16.9750590324402	0.31894394589795	0.24177348613739	93.8000023365021
23	17.7139070034027	0.307263755136066	0.227509066462517	94.1999971866608
24	18.454253911972	0.293097936444812	0.234309613704681	93.4000015258789
25	19.1921589374542	0.293990954756737	0.261690407991409	92.5999999046326
26	20.6412088871002	0.293115559551451	0.267351388931274	92.1999990940094
27	22.1616418361664	0.291600091589822	0.222047582268715	93.5999989509583
28	23.6852920055389	0.28880187869072	0.212947264313698	94.8000013828278
29	25.2491669654846	0.251730786429511	0.203461676836014	94.8000013828278
30	26.1207568645477	0.276960546771685	0.204927891492844	94.9999988079071
31	26.7226510047913	0.257910644014676	0.206702947616577	94.9999988079071
32	27.3259418010712	0.229137955440415	0.207969933748245	94.8000013828278
33	27.9319608211517	0.241950871215926	0.206400692462921	94.5999979972839
34	28.5643289089203	0.239798032575183	0.20129069685936	94.9999988079071
35	29.3733849525452	0.240378851691882	0.189503207802773	94.9999988079071
36	30.171003818512	0.247300959295697	0.198334529995918	94.1999971866608
37	30.9681389331818	0.23071111076408	0.199540257453918	94.4000005722046
38	31.7632648944855	0.233499003781213	0.19998325407505	93.9999997615814
39	32.5603499412537	0.225630227062437	0.187983974814415	94.8000013828278
40	33.3558180332184	0.221873061524497	0.182169765233994	94.9999988079071
41	34.1536798477173	0.212124099334081	0.183499053120613	94.5999979972839
42	34.9456288814545	0.21217662261592	0.185677051544189	94.9999988079071
43	35.7532339096069	0.220768244730102	0.184682488441467	94.4000005722046
44	36.5778088569641	0.203792777326372	0.186302945017815	94.9999988079071
45	37.3713848590851	0.21397862666183	0.180520117282867	95.2000021934509
46	38.1673789024353	0.192435552676519	0.177760377526283	94.9999988079071
47	38.970321893692	0.196225810382101	0.171018466353416	94.5999979972839
48	39.7576069831848	0.201726353830761	0.170314997434616	95.8000004291534
49	40.5504858493805	0.207768930329217	0.170020505785942	94.9999988079071
