0	0.717252016067505	2.21015127499898	2.09271240234375	19.4000005722046
1	1.42230200767517	2.01973198519813	2.18219780921936	40.599998831749
2	2.13077998161316	1.66372734970517	0.970917046070099	72.3999977111816
3	2.83634400367737	1.01805759138531	0.788721203804016	74.5999991893768
4	3.546471118927	0.643983085950216	0.428122758865356	87.5999987125397
5	4.25745010375977	0.493015756209691	0.394772112369537	87.4000012874603
6	4.96599411964417	0.4294037785795	0.321887075901031	90.200001001358
7	5.667396068573	0.358773519595464	0.294457137584686	90.7999992370605
8	6.37185406684875	0.325832880205578	0.344851553440094	88.5999977588654
9	7.07518792152405	0.323792447646459	0.207880765199661	93.4000015258789
10	7.77934503555298	0.294160068035126	0.182829692959785	94.5999979972839
11	8.48490810394287	0.261953237983916	0.179440453648567	94.1999971866608
12	9.19165992736816	0.222323472301165	0.169135838747025	94.4000005722046
13	9.89704704284668	0.220113040672408	0.165650248527527	94.8000013828278
14	10.6020839214325	0.205952583087815	0.171377569437027	94.5999979972839
15	11.3077840805054	0.186849190129174	0.175500810146332	94.9999988079071
16	12.0105240345001	0.23291234837638	0.139164432883263	95.9999978542328
17	12.7158350944519	0.20286236041122	0.145122796297073	95.8000004291534
18	13.4256339073181	0.193836953904894	0.144966036081314	95.3999996185303
19	14.129331111908	0.171495800216993	0.157246574759483	95.8000004291534
20	14.8345739841461	0.169823459453053	0.137679427862167	95.2000021934509
21	15.5395150184631	0.168819742070304	0.128032952547073	95.8000004291534
22	16.2469570636749	0.150166822804345	0.133115440607071	95.8000004291534
23	16.9551270008087	0.149512694941627	0.127868294715881	96.399998664856
24	17.6644899845123	0.147731240424845	0.112025782465935	96.7999994754791
25	18.3696720600128	0.135839085612032	0.121696650981903	96.6000020503998
26	19.0781850814819	0.150992507735888	0.110547989606857	96.399998664856
27	19.786169052124	0.134668898251322	0.112253807485104	96.399998664856
28	20.4911959171295	0.12306878136264	0.110192731022835	96.6000020503998
29	21.7671389579773	0.122455120914512	0.106296353042126	97.0000028610229
30	23.211189031601	0.134843848645687	0.121299363672733	96.399998664856
31	24.6495718955994	0.125878656903903	0.102357268333435	96.7999994754791
32	25.4187140464783	0.118450191285875	0.106974549591541	97.0000028610229
33	26.0248091220856	0.113855832980739	0.0973868072032928	97.0000028610229
34	26.6319699287415	0.108528628945351	0.116142272949219	96.399998664856
35	27.4120879173279	0.146087477604548	0.113999754190445	96.7999994754791
36	28.2413320541382	0.110060946808921	0.11149387806654	96.6000020503998
37	29.0710411071777	0.0918966001934475	0.0888906568288803	97.0000028610229
38	29.899621963501	0.0990063101053238	0.0995909050107002	97.2000002861023
39	30.7304840087891	0.106165481524335	0.0896217674016953	97.0000028610229
40	31.5562400817871	0.0959479096863005	0.100153028964996	96.399998664856
41	32.3857851028442	0.0934358433716827	0.110987260937691	96.6000020503998
42	33.2175900936127	0.0936504354079564	0.0809875801205635	97.3999977111816
43	34.046777009964	0.0924209306637446	0.0799284800887108	97.3999977111816
44	34.874862909317	0.0980530199077394	0.0887896120548248	97.2000002861023
45	35.7028839588165	0.102194943361812	0.0879504457116127	97.3999977111816
46	36.5344970226288	0.0919554796483782	0.0770559534430504	97.6000010967255
47	37.3652019500732	0.0822749849822786	0.0781213045120239	97.7999985218048
48	38.1955559253693	0.110049166199234	0.0932338461279869	96.7999994754791
49	39.0272679328918	0.100196453432242	0.0909335985779762	97.6000010967255
