0	0.82502293586731	2.24792843394809	1.91205441951752	37.9999995231628
1	1.65179204940796	2.41343919436137	2.30501317977905	11.8000000715256
2	2.4793119430542	2.2771631081899	1.81713712215424	40.4000014066696
3	3.30654907226562	2.5263501935535	2.30822396278381	10.1999998092651
4	4.13270211219788	2.30332944128248	2.30397891998291	9.20000001788139
5	4.96348690986633	2.30039183298747	2.30327916145325	10.8000002801418
6	5.78951501846313	2.30052656597561	2.30364727973938	10.8000002801418
7	6.61508297920227	2.30079984664917	2.30341029167175	10.4000002145767
8	7.44048690795898	2.30059923066033	2.30376505851746	10.4000002145767
9	8.26520395278931	2.30085227224562	2.30299019813538	10.8000002801418
10	9.09113097190857	2.30026777585348	2.30370235443115	10.8000002801418
11	9.92054796218872	2.30067886246575	2.30337262153625	10.8000002801418
12	10.7482850551605	2.30050690968831	2.30429029464722	10.8000002801418
13	11.5734169483185	2.30039050843981	2.3041090965271	10.8000002801418
14	12.3991029262543	2.30094226201375	2.30345797538757	10.8000002801418
15	13.2214889526367	2.30002617835999	2.30375409126282	10.8000002801418
16	14.0471820831299	2.30046820640564	2.30394506454468	10.8000002801418
17	14.8732569217682	2.30068919393751	2.30345416069031	10.8000002801418
18	16.0316820144653	2.30059695243835	2.30370187759399	10.8000002801418
19	17.0143899917603	2.30061064826118	2.30338883399963	10.8000002801418
20	17.8354849815369	2.30093471209208	2.303382396698	10.8000002801418
21	18.6671690940857	2.29962698618571	2.30363583564758	10.8000002801418
22	19.494236946106	2.30006612671746	2.30427598953247	10.4000002145767
23	20.3210480213165	2.3004817697737	2.30379676818848	10.8000002801418
24	21.1507260799408	2.30111410882738	2.30295896530151	10.8000002801418
25	21.9770200252533	2.30022340350681	2.30376219749451	10.8000002801418
26	22.8043410778046	2.30105222596063	2.30321979522705	10.8000002801418
27	23.6316699981689	2.30093349350823	2.30294680595398	10.8000002801418
28	24.4599981307983	2.301390753852	2.30326724052429	10.8000002801418
29	25.2855920791626	2.30087876319885	2.30300784111023	10.8000002801418
30	26.1132910251617	2.30009097523159	2.30360126495361	10.8000002801418
31	26.9418039321899	2.30075295766195	2.30354785919189	10.8000002801418
32	27.7684681415558	2.30109278361003	2.30347752571106	10.8000002801418
33	28.5924949645996	2.30096652772692	2.30348563194275	10.8000002801418
34	29.4173440933228	2.30039612452189	2.30363869667053	10.4000002145767
35	30.2442591190338	2.30059809154934	2.30358743667603	10.8000002801418
36	31.0698659420013	2.30072871843974	2.30360651016235	10.8000002801418
37	31.8978250026703	2.300415886773	2.30276489257812	10.8000002801418
38	32.7234909534454	2.30029368400574	2.30321478843689	10.8000002801418
39	33.547394990921	2.30051708221436	2.3038055896759	10.4000002145767
40	34.3745560646057	2.29976563983493	2.30365467071533	10.8000002801418
41	35.1979010105133	2.30035140779283	2.30388069152832	10.8000002801418
42	36.0244860649109	2.29964804649353	2.30408787727356	10.8000002801418
43	36.8512709140778	2.30028462409973	2.30432510375977	10.8000002801418
44	37.673798084259	2.30041183365716	2.30411767959595	10.8000002801418
45	38.5028629302979	2.3003765212165	2.30408978462219	10.8000002801418
46	39.3308520317078	2.30048110749986	2.30427122116089	10.8000002801418
47	40.1607460975647	2.3001196914249	2.30454778671265	10.8000002801418
48	40.9872579574585	2.30101172129313	2.30364394187927	10.8000002801418
49	41.8141739368439	2.30039442910088	2.30368161201477	10.8000002801418
