0	0.597697973251343	2.26285441716512	2.12034726142883	61.599999666214
1	1.19856691360474	1.96127365695106	1.36305916309357	72.0000028610229
2	1.79725289344788	1.37981103526221	0.798969805240631	74.0000009536743
3	2.39468002319336	0.936306787861718	0.562590718269348	84.6000015735626
4	2.99683284759521	0.681823240386115	0.503980994224548	85.6000006198883
5	3.59782195091248	0.585283766190211	0.39045923948288	89.3999993801117
6	4.20008587837219	0.494772947496838	0.344760626554489	90.6000018119812
7	4.79980087280273	0.441810548305511	0.324248135089874	92.0000016689301
8	5.39957785606384	0.488470292753643	0.364153295755386	90.200001001358
9	6.00152397155762	0.394377695189582	0.322383493185043	89.9999976158142
10	6.60118985176086	0.358945204152001	0.26004621386528	93.5999989509583
11	7.20195984840393	0.330337123738395	0.274690181016922	92.1999990940094
12	7.80189681053162	0.332534293333689	0.243878394365311	93.9999997615814
13	8.40567493438721	0.298145244518916	0.232682675123215	94.4000005722046
14	9.01038694381714	0.289653359187974	0.233585149049759	93.4000015258789
15	9.61137580871582	0.267438875304328	0.237338438630104	94.1999971866608
16	10.2089598178864	0.2700830731127	0.211074858903885	94.5999979972839
17	10.8098537921906	0.28542120092445	0.211866393685341	94.5999979972839
18	11.4084658622742	0.236699821220504	0.201091274619102	95.2000021934509
19	12.0103299617767	0.240113036500083	0.188442021608353	94.5999979972839
20	12.6089239120483	0.238044281800588	0.204317897558212	94.4000005722046
21	13.2082018852234	0.226018882460064	0.183441653847694	94.9999988079071
22	13.8103640079498	0.222711534963714	0.183463782072067	94.8000013828278
23	14.4101870059967	0.220875195331044	0.196745753288269	94.1999971866608
24	15.0109548568726	0.227172459165255	0.176589980721474	95.2000021934509
25	15.6118338108063	0.219721633527014	0.183317437767982	94.9999988079071
26	16.2138040065765	0.192026106847657	0.201862975955009	93.4000015258789
27	16.8158569335938	0.196188474694888	0.185882464051247	93.9999997615814
28	17.4169118404388	0.186963058180279	0.163415491580963	95.2000021934509
29	18.0171189308167	0.194066287742721	0.166586190462112	95.3999996185303
30	18.6183009147644	0.19947825703356	0.148703560233116	95.8000004291534
31	19.2195439338684	0.189234198795425	0.170066088438034	95.5999970436096
32	19.8184428215027	0.181486661235491	0.150666907429695	95.8000004291534
33	20.4204888343811	0.163680545157856	0.151282697916031	96.2000012397766
34	21.0202589035034	0.165258646011353	0.154951229691505	96.399998664856
35	21.6235449314117	0.177328442533811	0.157501921057701	95.9999978542328
36	22.2277929782867	0.156985123124388	0.157209992408752	95.9999978542328
37	22.8299980163574	0.161518395774894	0.160486355423927	95.5999970436096
38	23.4310119152069	0.168656835953395	0.139619439840317	96.6000020503998
39	24.0311238765717	0.153361351953612	0.145474523305893	95.9999978542328
40	24.6354060173035	0.157042101025581	0.138066604733467	96.6000020503998
41	25.2329490184784	0.153716271122297	0.13369157910347	96.399998664856
42	25.8328649997711	0.161593286527528	0.143533691763878	96.2000012397766
43	26.4349210262299	0.15236166285144	0.127577841281891	96.6000020503998
44	27.0348889827728	0.14380761815442	0.12567350268364	96.7999994754791
45	27.6347639560699	0.144866255422433	0.122847266495228	96.6000020503998
46	28.2326409816742	0.136877982980675	0.125548079609871	96.6000020503998
47	28.8326189517975	0.145912210974428	0.151404991745949	95.9999978542328
48	29.4352447986603	0.149524360067315	0.137585714459419	96.399998664856
49	30.0374069213867	0.140180995894803	0.129294872283936	97.0000028610229
