0	0.83118200302124	2.29846024513245	2.30656456947327	10.4000002145767
1	1.83966708183289	2.30214314990573	2.30372667312622	10.4000002145767
2	2.97561407089233	2.30192428165012	2.30339598655701	10.4000002145767
3	3.80229592323303	2.30186949835883	2.30422806739807	10.4000002145767
4	4.6349790096283	2.30170917510986	2.30420470237732	10.8000002801418
5	5.46713709831238	2.30153210957845	2.30450105667114	10.4000002145767
6	6.30125403404236	2.30103490087721	2.30524206161499	10.4000002145767
7	7.13136601448059	2.30140373441908	2.30283498764038	10.8000002801418
8	7.95925807952881	2.30064129829407	2.30313467979431	10.4000002145767
9	8.78667712211609	2.30114629533556	2.3040132522583	10.8000002801418
10	9.61461305618286	2.30032409562005	2.30446076393127	10.8000002801418
11	10.4445221424103	2.3012776904636	2.30475306510925	10.8000002801418
12	11.2715539932251	2.30124288135105	2.30416440963745	10.4000002145767
13	12.0995371341705	2.30101370811462	2.30311989784241	10.8000002801418
14	12.9304120540619	2.30212577184041	2.30410933494568	10.8000002801418
15	13.7552311420441	2.30148622724745	2.30396294593811	10.8000002801418
16	14.5832200050354	2.30138097869025	2.30329823493958	10.8000002801418
17	15.4092230796814	2.30119707849291	2.30363631248474	10.4000002145767
18	16.2366850376129	2.30082649654812	2.30455589294434	10.8000002801418
19	17.0649530887604	2.3007361623976	2.30357909202576	10.8000002801418
20	17.8923530578613	2.30034730169508	2.30501389503479	9.20000001788139
21	18.7209939956665	2.30101074112786	2.30323100090027	10.4000002145767
22	19.5496730804443	2.3013203408983	2.30354881286621	10.4000002145767
23	20.3808951377869	2.30100043614705	2.30302977561951	10.8000002801418
24	21.2119619846344	2.30096719000075	2.30402541160583	10.8000002801418
25	22.0415620803833	2.30143404006958	2.30338287353516	10.8000002801418
26	22.8688509464264	2.30187151167128	2.30264687538147	10.8000002801418
27	23.6986589431763	2.30164331860012	2.30429553985596	10.8000002801418
28	24.5254831314087	2.30075359344482	2.3038866519928	10.4000002145767
29	25.3551590442657	2.30115275912815	2.30351948738098	10.8000002801418
30	26.1809320449829	2.3014018535614	2.30298328399658	10.8000002801418
31	27.0127401351929	2.30141838391622	2.30376505851746	10.8000002801418
32	27.8417799472809	2.30091487036811	2.303466796875	10.8000002801418
33	28.6696560382843	2.30168350537618	2.30364155769348	10.8000002801418
34	29.4972369670868	2.30150214831034	2.30372738838196	9.20000001788139
35	30.3223390579224	2.3017131752438	2.30287504196167	10.4000002145767
36	31.1518709659576	2.30049459139506	2.3036835193634	10.8000002801418
37	31.9805541038513	2.30151496993171	2.30426669120789	10.8000002801418
38	32.8103921413422	2.3008467886183	2.30496215820312	10.4000002145767
39	33.6367571353912	2.30111628108554	2.30305314064026	10.8000002801418
40	34.8435089588165	2.30036414994134	2.30571103096008	10.8000002801418
41	36.155580997467	2.30123612615797	2.30393648147583	10.4000002145767
42	36.9182100296021	2.30199850930108	2.30402684211731	10.4000002145767
43	37.5218660831451	2.30145486195882	2.30414509773254	10.8000002801418
44	38.1293170452118	2.30079425705804	2.30345058441162	10.8000002801418
45	38.862930059433	2.30091208881802	2.30407810211182	10.8000002801418
46	39.6015949249268	2.30086135864258	2.30347084999084	10.8000002801418
47	40.3440759181976	2.30155724949307	2.30287003517151	10.8000002801418
48	41.087553024292	2.30057157410516	2.30314254760742	10.8000002801418
49	41.8281769752502	2.30125498771667	2.30235576629639	10.8000002801418
