0	0.731142044067383	2.29241569836934	2.22896361351013	37.5999987125397
1	1.46136498451233	2.21308641963535	2.0916953086853	60.1999998092651
2	2.18986201286316	2.02653258376651	1.68005275726318	67.0000016689301
3	2.92284917831421	1.64879188272688	1.17610275745392	69.9999988079071
4	3.65451622009277	1.24458244111803	0.773720026016235	84.6000015735626
5	4.38664698600769	0.948339190748003	0.611889004707336	86.7999970912933
6	5.11967420578003	0.886089689201779	0.587655544281006	87.1999979019165
7	5.85074019432068	0.692248337798648	0.483497828245163	87.8000020980835
8	6.57920217514038	0.638284345467885	0.421383112668991	89.9999976158142
9	7.965656042099	0.560947047339545	0.399096190929413	89.8000001907349
10	9.40243816375732	0.53474548459053	0.388043463230133	89.9999976158142
11	10.8338091373444	0.524108995993932	0.353167712688446	91.3999974727631
12	11.7949371337891	0.475462989674674	0.336394339799881	91.7999982833862
13	12.396378993988	0.44615732298957	0.343546807765961	90.3999984264374
14	12.9995980262756	0.440619183911218	0.29399237036705	93.0000007152557
15	13.6580522060394	0.40430310037401	0.308854728937149	91.7999982833862
16	14.3373830318451	0.379862152867847	0.285231202840805	93.0000007152557
17	15.0168941020966	0.405231856637531	0.267248600721359	93.4000015258789
18	15.7011070251465	0.356357395648956	0.277630895376205	93.5999989509583
19	16.3825330734253	0.339501483572854	0.271389752626419	93.5999989509583
20	17.0651721954346	0.325905402501424	0.24972103536129	93.8000023365021
21	17.7401640415192	0.330048319366243	0.272624254226685	93.1999981403351
22	18.4185371398926	0.316869520478778	0.247287213802338	93.9999997615814
23	19.0949192047119	0.300079741411739	0.243816405534744	93.8000023365021
24	19.7724092006683	0.301915725072225	0.235405638813972	94.4000005722046
25	20.4502670764923	0.280802455213335	0.226281061768532	94.5999979972839
26	21.1302552223206	0.278177418642574	0.233648166060448	93.9999997615814
27	21.8096530437469	0.284331652853224	0.235044419765472	94.4000005722046
28	22.4893171787262	0.265475556254387	0.214260682463646	94.9999988079071
29	23.1690800189972	0.295454078250461	0.212725818157196	94.4000005722046
30	23.8484120368958	0.270786709255642	0.208789840340614	95.2000021934509
31	24.5268750190735	0.243277586168713	0.21450375020504	94.8000013828278
32	25.207818031311	0.25447290804651	0.202473878860474	95.3999996185303
33	25.8849830627441	0.243965077731344	0.195695340633392	95.2000021934509
34	26.5617301464081	0.236343799365891	0.193868011236191	95.3999996185303
35	27.2409851551056	0.237263745731778	0.198099926114082	95.3999996185303
36	27.920881986618	0.242145359516144	0.19210097193718	95.3999996185303
37	28.5984251499176	0.24182414677408	0.189443171024323	95.2000021934509
38	29.278736114502	0.227466288540098	0.185376301407814	95.5999970436096
39	29.9570610523224	0.225219758020507	0.186066150665283	95.5999970436096
40	30.6333110332489	0.217580275403129	0.195718109607697	95.2000021934509
41	31.31436419487	0.222620831595527	0.187745481729507	95.2000021934509
42	31.9947581291199	0.208726055092282	0.183480277657509	95.5999970436096
43	32.6772301197052	0.208467799756262	0.174667999148369	95.5999970436096
44	33.3557720184326	0.211326407061683	0.183413818478584	95.8000004291534
45	34.0308091640472	0.208495154976845	0.198259308934212	94.8000013828278
46	34.7081701755524	0.193618767791324	0.188941568136215	95.9999978542328
47	35.384829044342	0.202305023868879	0.180842250585556	95.2000021934509
48	36.060065984726	0.189669077595075	0.195591762661934	94.8000013828278
49	36.7397911548615	0.197335683637195	0.166737347841263	95.3999996185303
