0	0.734298944473267	2.34000364939372	2.32601523399353	8.60000029206276
1	1.4725968837738	2.33238988452488	2.32366323471069	8.60000029206276
2	2.21180891990662	2.32852665583293	2.32147312164307	8.39999988675117
3	2.94805288314819	2.33097971810235	2.31925582885742	8.39999988675117
4	3.68672490119934	2.32389148076375	2.31714415550232	8.39999988675117
5	4.42431998252869	2.32421376970079	2.3150908946991	8.60000029206276
6	5.16580581665039	2.32265941301982	2.31312298774719	8.79999995231628
7	5.90544486045837	2.3147824605306	2.3112473487854	8.79999995231628
8	6.64437198638916	2.3210510942671	2.30940937995911	9.00000035762787
9	7.38010287284851	2.3185424539778	2.30762624740601	9.20000001788139
10	8.11708879470825	2.31033759646946	2.30598425865173	9.00000035762787
11	8.85327982902527	2.31376976437039	2.30435371398926	9.20000001788139
12	9.59205389022827	2.3097652859158	2.30262589454651	9.20000001788139
13	10.331652879715	2.30592584609985	2.30107760429382	9.20000001788139
14	11.0709149837494	2.30660120646159	2.29951143264771	9.20000001788139
15	11.8103148937225	2.30609885851542	2.29794335365295	9.20000001788139
16	12.5482878684998	2.30504351192051	2.29656219482422	9.6000000834465
17	13.2815909385681	2.30483153131273	2.29511594772339	10.0000001490116
18	14.0197379589081	2.299229171541	2.29367327690125	9.79999974370003
19	14.756199836731	2.29875924852159	2.29230141639709	9.79999974370003
20	15.4922058582306	2.29632541868422	2.29100584983826	9.79999974370003
21	16.2294898033142	2.30121755599976	2.2897322177887	9.79999974370003
22	16.9679188728333	2.2957189877828	2.28844285011292	10.0000001490116
23	17.7062878608704	2.29309076733059	2.28721928596497	10.0000001490116
24	18.4424419403076	2.2930261294047	2.28603196144104	10.1999998092651
25	19.1821467876434	2.29393084843953	2.28488516807556	10.4000002145767
26	19.9225828647614	2.29482428232829	2.28371810913086	10.4000002145767
27	20.660062789917	2.28973205884298	2.28258943557739	10.4000002145767
28	21.3978259563446	2.2898281150394	2.28148221969604	10.8000002801418
29	22.1345028877258	2.2892972363366	2.28040027618408	10.9999999403954
30	22.871435880661	2.28592236836751	2.27929258346558	10.9999999403954
31	23.6101989746094	2.28635976049635	2.27828121185303	11.4000000059605
32	24.3466529846191	2.28251814842224	2.27715063095093	11.599999666214
33	25.0797629356384	2.28171388308207	2.27613568305969	11.8000000715256
34	25.8145568370819	2.28311697642008	2.27511787414551	12.2000001370907
35	26.5536918640137	2.28281691339281	2.27408051490784	11.9999997317791
36	27.290079832077	2.2837778462304	2.27312159538269	12.3999997973442
37	28.0245728492737	2.28093141979641	2.27213430404663	12.3999997973442
38	28.7589128017426	2.27766458193461	2.27111649513245	13.6000007390976
39	29.4959578514099	2.2778795560201	2.27011203765869	13.6000007390976
40	30.2339878082275	2.27439660496182	2.26913142204285	13.7999996542931
41	30.9732789993286	2.275876071718	2.26818990707397	13.7999996542931
42	31.7109398841858	2.2732515335083	2.26720952987671	13.7999996542931
43	32.4456849098206	2.27722907066345	2.26630473136902	13.7999996542931
44	33.1830279827118	2.27445353402032	2.26540565490723	14.2000004649162
45	33.9184229373932	2.27294582790799	2.26442193984985	14.3999993801117
46	34.6533768177032	2.27296855714586	2.26347613334656	15.1999995112419
47	35.394535779953	2.27356184853448	2.26255750656128	15.6000003218651
48	36.1306979656219	2.26968055301242	2.26164102554321	16.2000000476837
49	36.8676087856293	2.27091664738125	2.26069235801697	16.5999993681908
