0	0.595506906509399	2.32548422283596	2.29318451881409	11.599999666214
1	1.19116401672363	2.30034695731269	2.27829694747925	13.1999999284744
2	1.78663301467896	2.28518602583143	2.26413750648499	19.5999994874001
3	2.38204288482666	2.27189660072327	2.25132846832275	31.0000002384186
4	2.97411203384399	2.26521274778578	2.23976564407349	36.599999666214
5	3.57077288627625	2.25124118063185	2.22697567939758	38.9999985694885
6	4.16750288009644	2.24005805121528	2.21317529678345	43.2000011205673
7	4.76073598861694	2.22298502922058	2.19770216941833	44.9999988079071
8	5.3563117980957	2.21232467227512	2.18067479133606	47.6000010967255
9	5.95205497741699	2.20638738738166	2.16310095787048	50.9999990463257
10	6.54779982566833	2.18390986654494	2.14198040962219	53.2000005245209
11	7.13995289802551	2.16794318623013	2.11843848228455	55.8000028133392
12	7.73540782928467	2.15247125095791	2.09332156181335	57.4000000953674
13	8.33206391334534	2.12962370448642	2.06384181976318	58.7999999523163
14	8.92755103111267	2.09982837571038	2.02968215942383	60.1999998092651
15	9.52262401580811	2.07158936394586	1.99075186252594	60.0000023841858
16	10.1170709133148	2.04302292399936	1.94843256473541	61.7999970912933
17	10.7159349918365	2.01046204566956	1.90214991569519	62.1999979019165
18	11.3101558685303	1.95763642258114	1.8500554561615	63.2000029087067
19	11.90793800354	1.92675149440765	1.79279017448425	63.5999977588654
20	12.5044438838959	1.89254758093092	1.73334085941315	63.8000011444092
21	13.0998249053955	1.83470887607998	1.67026877403259	65.3999984264374
22	13.6963768005371	1.80073702335358	1.60699939727783	66.0000026226044
23	14.2906718254089	1.75542243321737	1.54560446739197	65.7999992370605
24	14.8839249610901	1.71118904484643	1.48248219490051	67.4000024795532
25	15.4771769046783	1.6611598862542	1.41993653774261	68.0000007152557
26	16.0718228816986	1.60788528124491	1.35746717453003	69.4000005722046
27	16.6672468185425	1.56374479664697	1.29649710655212	71.2000012397766
28	17.2625238895416	1.51030166943868	1.23789262771606	71.399998664856
29	17.8601698875427	1.4642004304462	1.18390429019928	73.4000027179718
30	18.4555850028992	1.41009177101983	1.12723708152771	74.4000017642975
31	19.0541110038757	1.36038092772166	1.07859075069427	75.1999974250793
32	19.6473908424377	1.33889122804006	1.03422915935516	75.8000016212463
33	20.2435188293457	1.31403526994917	1.00126934051514	76.5999972820282
34	20.8407418727875	1.27326333522797	0.958483397960663	78.600001335144
35	21.4405519962311	1.23478416601817	0.926010489463806	79.1999995708466
36	22.0404098033905	1.20132794645098	0.892956972122192	79.7999978065491
37	22.6403269767761	1.15609089533488	0.865925431251526	80.1999986171722
38	23.2379188537598	1.15411031246185	0.839116394519806	79.7999978065491
39	23.8369250297546	1.10870671272278	0.809071600437164	81.0000002384186
40	24.437873840332	1.08511797587077	0.790109992027283	81.0000002384186
41	25.0356798171997	1.07387763924069	0.768911838531494	81.0000002384186
42	25.6354858875275	1.04105934169557	0.748935222625732	81.1999976634979
43	26.2375459671021	1.01359587907791	0.726989388465881	82.4000000953674
44	26.8359408378601	1.00764479902056	0.71332460641861	83.6000025272369
45	27.437050819397	0.991740253236559	0.700450778007507	82.8000009059906
46	28.0360288619995	0.953465746508704	0.678786396980286	83.3999991416931
47	28.6359858512878	0.919078509012858	0.665183246135712	83.9999973773956
48	29.2358779907227	0.914590981271532	0.653053343296051	83.6000025272369
49	29.8336229324341	0.912528514862061	0.642651259899139	84.3999981880188
